8.2823
311.3864
6.7404
8.1670
3.0529
2.6895
5.7022
16.7515
12.0524
4.1816
6.8381
8.2212
177.9931
5.0429
1.4052
2.5842
8.9930
4.4650
5.2995
19.1574
10.4251
1.3186
24.0868
249.9288
273.1483
10.8137
9.5882
10.6261
139.6432
75.3891
1.5987
43.7943
4.8931
2.1339
3.5220
5.1635
405.2971
10.5539
9.3641
52.5607
1.0862
3.6766
3.8531
9.6521
5.7418
2.6108
43.1276
7.8494
3.9800
62.0711
36.8294
22.7711
6.9063
22.9228
11.7524
6.5212
4.8370
10.5286
76.4543
4.6370
5.7751
18.1504
1.2065
4.7972
6.0599
4.5370
5.0013
10.7310
3.1706
31.3994
14.6273
5.8554
5.5740
10.5659
185.2804
541.8679
11.6023
10.2613
10.5229
6.4525
10.4488
3.8978
2.1700
4.5733
3.9324
4.5430
2.9626
3.6551
6.8639
8.8020
240.6740
6.6697
1.0713
3.9386
4.3999
5.4276
11.0349
28.0931
188.1915
9.0354
6.9607
9.2850
40.5674
114.6214
111.6688
10.2702
4.0922
10.1363
4.3960
5.3478
8.0757
7.0618
190.7345
8.1293
11.1521
4.6634
4.7957
2.5323
31.6275
7.5244
124.0871
12.9673
11.7753
12.1423
7.5454
4.5099
7.7315
5.4672
6.0220
7.8747
7.0008
5.9778
8.0250
18.6145
127.7055
96.3636
6.6691
4.8809
291.5300
225.4940
21.0527
9.1951
9.8381
7.5676
6.3914
7.9209
5.0384
8.5285
4.2854
3.0396
16.1633
398.6198
1.9704
222.6929
7.7016
448.5869
15.4545
28.6729
12.7407
13.3071
7.3437
3.9888
6.2809
16.6712
3.3379
9.3836
218.1040
10.9087
3.6143
3.1057
3.3390
2.9363
6.1331
15.7232
7.0375
8.0589
7.1307
71.4763
15.4330
19.2400
201.1348
9.2085
434.2312
10.1985
5.0390
1.9715
1.9214
1.4736
3.1744
5.4866
4.9099
2.8808
4.6143
7.9768
4.1465
5.9115
9.1866
7.4398
123.0441
7.2150
11.8537
11.0125
6.3070
5.1298
9.3401
152.4387
12.8884
16.9210
8.9179
9.9093
9.4685
2.2672
3.0894
4.4076
4.3840
7.0869
4.7405
4.5608
4.0296
6.7701
7.1902
4.9145
6.4405
9.6493
241.9814
168.6350
30.2767
4.8746
4.0608
7.0175
102.6567
99.3645
6.4893
11.3605
2.1534
4.8158
7.5687
6.5957
5.1020
8.6883
6.5631
5.8652
202.3677
319.6809
14.3974
92.4367
112.4162
108.7864
4.4530
6.2906
3.2308
2.2319
8.8358
8.8846
35.1421
203.3201
10.0808
10.4598
8.4376
43.4088
122.7751
111.9064
164.4388
7.1475
9.1458
10.3183
176.0591
5.4540
115.3666
340.9133
300.9225
234.2041
8.7357
8.7194
396.8281
15.4777
10.7491
1.9233
7.0123
6.0911
9.3070
8.6819
12.5533
9.9364
6.9993
6.1017
3.2804
5.5287
5.3424
2.1319
2.9186
7.2407
419.2614
9.3367
8.4858
8.3369
10.3823
8.5300
6.4382
12.4046
12.3079
9.6619
12.3079
11.4786
2.5487
4.4222
15.7896
12.1583
13.8804
7.1765
5.5087
4.7385
5.4389
2.9924
9.0877
3.8134
8.6464
30.7618
14.6709
284.9128
11.3645
3.2786
4.4516
2.7764
2.5572
6.1638
6.3028
5.0185
7.9971
7.4834
5.0654
9.0058
2.4289
2.7878
1.0163
291.5602
6.7596
6.0390
128.8554
14.5451
12.4413
12.2767
12.3560
12.4161
6.5192
6.9743
3.9395
6.1997
5.7039
4.4812
19.6198
10.6590
373.7641
244.9619
7.2281
230.0303
371.7560
370.9645
12.9323
4.0777
10.3340
13.2140
3.6592
44.6257
26.2623
8.3457
371.3850
8.3936
12.5834
17.2296
258.3582
3.6608
38.8917
19.4839
49.2060
18.7238
8.4499
6.9202
17.6675
18.6612
12.7282
7.1931
440.1009
332.8123
409.6658
4.7283
5.8766
13.6832
226.0235
1.3170
7.9823
2.7645
2.0269
5.9114
5.1375
4.1358
3.3862
237.2275
44.6939
146.5689
12.3795
8.7818
65.7392
132.3661
74.1117
97.4325
329.2275
386.7694
2.6680
8.8646
7.3429
4.2354
3.8292
4.9297
5.0927
3.2444
13.8005
11.1259
11.8426
9.7356
17.6570
12.7371
10.4503
8.4890
8.7142
6.3464
3.1312
9.8523
12.7044
9.3029
8.9714
9.5895
5.7616
6.5272
205.8107
9.5164
7.1177
268.0623
4.8843
3.8096
12.2859
35.4843
1.3871
7.6501
291.8091
1.4100
27.0033
13.2291
3.2833
6.3118
11.9491
6.8293
10.0821
326.0882
5.4537
4.9169
16.7492
186.2398
205.8206
214.9240
5.1462
172.6374
3.3409
3.5175
4.6231
8.5297
8.5055
1.4474
7.0051
7.8975
7.1928
6.3961
7.3492
7.1373
8.3800
7.6380
7.8250
7.9754
6.7987
9.2836
8.8617
7.6624
9.1916
7.7759
252.5114
10.9920
7.3887
1.3824
8.1498
12.9181
7.9076
8.5342
7.1838
9.6899
4.6911
6.9641
4.1535
6.9952
6.3208
5.6228
6.5364
3.2957
94.2085
5.0946
14.1046
5.0216
1.4846
3.3048
2.8036
6.2015
11.0347
9.5164
10.9373
90.3944
293.5833
19.2290
324.7364
50.1286
130.2921
84.1696
293.3991
12.7547
65.1878
3.2896
196.7765
521.2294
414.7626
474.1228
4.4678
16.2394
8.6894
14.8084
21.0927
293.7863
485.3467
366.7554
10.0148
182.5988
437.7435
5.3828
66.5715
15.9027
15.5952
9.4945
3.5248
12.0426
2.6204
456.4893
485.2311
15.6139
9.5473
276.3745
6.9371
26.3253
461.8605
16.8502
3.9061
3.8342
485.9406
27.3183
389.9837
286.5933
544.2287
475.4309
586.0477
193.6458
494.3409
144.6284
6.7813
8.4727
8.1184
10.0614
11.0674
1.2371
345.8713
3.5036
446.6006
478.3775
463.9485
468.0930
475.2364
500.2940
25.6490
436.5137
62.4652
327.8369
361.1693
291.4242
199.6702
399.1454
479.8686
517.8085
500.2296
581.0322
6.6735
12.1786
403.6095
140.8408
27.7255
298.0933
12.0935
168.4193
304.6640
335.1825
323.1946
14.9446
252.1169
423.8182
16.1485
519.3000
500.1861
374.4495
429.7626
16.7510
7.3768
228.1181
299.1542
277.4079
308.9004
278.5520
7.3845
269.5141
11.4911
19.8910
20.2604
368.6707
369.8102
15.4440
51.4452
13.0168
15.9105
6.2512
50.8247
19.1188
21.1991
22.0468
9.4073
7.0094
5.9528
5.7735
0.9534
4.4095
7.3867
3.6312
1.5655
11.6568
15.7249
4.2979
7.5226
4.7492
4.8632
2.6818
8.8239
4.1328
2.5324
261.7486
8.1932
24.9655
9.7450
10.7480
2.2214
11.3577
4.4406
3.2736
4.2123
5.2617
3.9350
8.4865
7.1900
10.6088
4.9645
7.0196
2.9787
14.2464
10.8985
125.3487
188.4200
13.1526
6.2575
5.5109
213.4636
320.9734
17.4320
12.9657
13.9366
8.5110
345.9352
21.4924
610.4234
52.4572
10.3398
8.0930
20.1195
9.9514
16.4984
14.9795
14.2431
18.6392
6.5088
64.7829
6.5272
9.9524
8.4077
9.4669
8.3979
14.9618
6.5125
19.5041
26.5012
19.7949
21.7393
301.4958
9.3945
14.1451
35.7928
8.4869
5.2015
8.2355
4.6773
7.9674
14.8332
121.7936
1.2688
4.9517
23.6168
10.1394
8.4878
9.8867
11.6611
8.7208
14.3381
13.6753
7.1028
9.9953
26.3191
9.0830
5.7298
285.4010
1.6461
3.0493
3.3031
248.9216
2.8890
2.0835
0.6259
9.1893
5.5641
8.8393
1.3577
6.3244
31.6887
17.7372
1.6668
4.2379
3.4569
6.8367
16.6245
9.8669
2.0595
6.2217
5.6318
4.5948
5.2765
38.4099
8.0313
3.6417
4.4922
14.2338
2.0972
86.3826
132.0383
177.9779
9.2199
6.8487
189.0546
28.7353
10.8906
10.8068
289.9330
12.0625
30.6429
31.5959
270.2037
143.7100
8.8237
6.9353
8.2274
5.7589
12.8445
13.1542
13.8811
3.0438
20.1870
8.8287
12.3618
21.1534
31.4890
22.4542
46.7637
29.8023
4.3698
8.3891
5.1917
48.8755
31.1697
42.8731
117.9223
12.7966
4.5349
10.7308
8.3605
3.4815
6.1593
6.1911
13.1952
348.4619
17.0293
7.9118
9.0023
7.6571
8.1114
17.9538
20.2395
22.7079
3.5319
6.7376
7.6231
34.5657
6.3954
7.4808
7.9247
14.7923
15.0320
3.8052
5.2523
16.6669
151.0732
25.5862
8.2308
17.9914
11.2838
9.9797
5.5200
7.3283
13.2862
5.9192
5.6218
11.1528
11.7257
4.3748
3.0699
3.2168
19.7664
4.5725
18.7936
3.4552
2.8016
1.4423
12.9310
29.6625
3.0475
9.1717
2.4780
3.6429
3.1528
22.9244
8.4355
10.2675
29.6216
8.9740
11.0995
16.7481
7.9342
5.1343
6.4035
5.8955
5.8300
49.6574
110.1078
27.6452
3.1715
2.9219
20.7508
15.1306
9.3093
38.8703
21.1562
48.2178
14.3482
7.0420
562.3347
536.6707
31.1230
30.0005
9.4376
207.2845
265.2693
255.7306
198.8362
7.8107
4.4828
4.5114
13.5485
5.7295
15.0129
19.6644
29.9076
583.3868
3.7581
1.3113
2.3939
1.6884
2.1747
4.1129
17.1488
328.5648
133.4980
27.2901
155.7532
2.2752
2.7437
0.8998
2.3209
2.4509
2.9704
5.9210
10.8420
16.9185
29.3425
318.9704
0.6543
1.1201
3.0961
2.3992
8.5487
2.7785
5.5497
5.7708
27.9365
3.6869
24.4238
74.3727
252.8687
2.9674
148.4459
171.7882
121.2123
69.0719
78.6559
183.8311
164.4041
296.4776
9.8150
149.2476
338.1706
271.5718
108.0448
162.0470
14.8240
404.4885
240.1009
236.4511
96.3908
214.3410
233.9477
321.5709
57.3899
103.4346
33.6581
20.5313
27.1118
89.9951
315.9797
33.2707
70.5853
439.3495
340.6280
586.0672
89.0861
53.9445
6.2778
80.2205
59.3027
48.8178
36.0725
33.4240
61.4373
55.9135
48.6670
37.4801
20.2284
30.6653
44.2221
32.5341
63.8375
17.4909
99.5940
104.4255
23.1164
72.7672
367.7054
57.5974
6.4880
22.9909
23.9190
4.1919
3.8999
5.2312
14.3456
51.5152
1.9155
2.6453
1.2441
17.8597
3.9532
21.8890
9.3142
10.6590
11.4370
8.7939
8.7111
13.8170
27.1941
294.5893
25.2843
26.0432
71.7639
3.6896
5.3155
9.0832
1.8613
2.7611
7.8257
96.8122
5.9673
5.3130
2.4729
3.9174
5.7392
3.8192
4.8297
5.4051
486.3686
7.9883
4.9381
10.5051
6.6721
7.7288
7.0459
14.6592
12.8565
18.1246
22.0577
4.6447
5.1752
14.0614
11.6880
16.2270
6.1910
14.3686
15.5237
12.5259
16.3229
10.2313
15.9147
13.4232
8.1538
9.3538
18.3867
7.5420
12.3434
12.2528
22.4123
10.6755
17.7271
18.0880
19.4674
13.2108
21.6429
16.8679
3.2938
4.3114
5.4403
7.6979
58.0558
43.1322
10.8890
5.0142
7.8721
14.4277
2.6624
7.1778
10.8326
34.2540
9.6698
8.3890
3.8047
22.8030
7.6605
5.7300
10.1101
64.9752
69.1514
20.9059
2.6452
6.3886
7.0942
8.7235
10.7972
3.5104
3.9692
5.7596
4.9804
6.8820
2.7936
6.2072
5.9294
11.1343
12.5614
7.9526
15.7823
4.6147
10.3886
61.4347
6.1394
20.9207
5.5601
23.4915
404.5959
244.9680
28.3094
18.2185
479.8364
2.0179
9.3981
5.8577
358.6779
45.8104
8.2200
15.1762
31.6221
6.1877
49.2242
2.9760
2.2829
15.7437
3.9572
1.9011
5.4443
8.8295
1.1050
4.5995
13.2145
4.4344
9.5291
418.9570
12.9328
2.7075
6.5394
11.3818
18.5441
409.4312
14.9661
6.4319
5.5444
22.2280
9.1425
5.7121
8.1980
9.7056
8.0517
3.4701
23.9905
12.8993
14.2146
4.4277
3.3369
18.5937
131.9205
4.7568
4.9230
8.5466
9.2309
6.5688
9.0299
11.5553
29.7818
9.3972
23.8053
12.8159
9.9582
429.7318
12.7374
19.1021
24.9228
220.5909
5.0253
338.1032
19.8090
34.5380
6.1027
5.5466
1.8722
7.6282
1.6764
9.7697
2.1350
5.6273
6.6193
12.1428
60.7902
4.9605
17.1706
437.9077
348.3931
8.9893
7.9560
7.1777
9.9601
7.7125
20.3766
77.4149
401.8544
27.0194
339.5115
37.1796
28.7883
27.0303
10.2683
14.5563
8.6090
14.4523
12.3614
6.5064
12.5914
10.3088
16.9956
16.4329
7.1060
5.9804
7.2083
6.1406
8.1638
4.3404
8.5674
5.5092
2.4658
5.1363
4.9361
5.7582
15.3237
37.3413
8.8248
6.2815
11.5753
14.5908
10.4457
571.1550
26.2292
305.0126
24.4375
6.3059
28.4861
4.3862
4.0765
2.9513
10.9975
10.6403
11.0004
3.9744
16.9951
20.2064
29.8238
20.5802
4.9986
12.9268
280.7570
23.2667
19.2868
3.5530
6.2322
4.0015
6.3318
330.8909
3.0543
11.8314
341.5620
15.8205
6.5446
20.2874
17.8521
10.7327
4.6578
3.7792
320.4597
327.1551
26.6200
15.9567
9.1891
23.7163
24.7267
4.6923
51.9445
5.7470
10.1244
203.4552
13.7236
5.7186
5.4537
114.9131
205.1039
10.2106
339.5484
9.8329
13.3709
14.7469
26.7140
3.2851
8.8005
4.8699
7.2270
3.7493
6.8236
26.0422
35.2738
8.8955
11.4046
18.5941
11.0154
228.4479
276.2974
6.3216
10.8782
7.7330
2.0624
6.3193
250.9814
4.9419
380.3424
7.9951
30.6350
28.0532
13.2936
555.8939
188.2717
64.8755
1.7706
9.4757
20.7214
20.9522
334.8844
3.5875
3.4658
18.0864
458.0627
5.3173
5.0803
1.8512
7.1886
8.2764
4.8781
374.9530
3.1639
11.0533
70.4016
253.5711
288.7208
5.5734
7.9437
8.9948
5.7893
9.3189
9.7563
28.0195
256.9982
9.9659
17.7906
3.1007
7.9529
16.8102
4.0654
4.6632
206.5777
8.1720
11.6374
12.5167
275.9330
131.5429
22.9398
6.0381
112.4789
7.7182
7.4629
190.1794
23.3113
428.9573
2.1540
150.6292
294.8356
298.3990
198.8820
7.8876
7.1359
6.2830
5.2358
130.9707
11.5062
2.9161
4.5617
108.1858
4.2429
9.4123
18.4968
26.6979
260.6296
4.6770
2.4274
115.8820
261.2726
1.9690
9.8321
502.9106
2.8945
14.0768
21.9314
3.0490
5.2496
15.9557
8.4392
10.2461
7.1953
15.8696
0.9897
5.2459
269.3539
8.9538
438.0821
592.1602
4.6807
536.8381
5.7159
25.9161
7.8731
106.4236
4.5269
302.4366
274.0870
287.1924
5.1906
2.7381
5.4773
7.3304
6.4731
5.8122
5.2982
5.0011
3.5662
6.4392
1.3192
322.4582
4.2993
8.6125
2.3943
7.3656
10.8843
9.9814
205.7620
273.2542
273.3432
23.8170
16.3568
503.8935
28.9060
5.8479
7.8776
17.7889
277.2772
172.4189
28.9025
18.2295
19.3916
486.4286
14.0453
252.4651
15.0794
6.4748
17.5702
28.9994
272.5504
182.7894
13.1693
15.3261
466.0900
212.4496
19.0143
16.5544
33.5153
4.1328
13.6571
10.9638
4.5916
4.2314
15.8734
36.8482
106.2313
579.3602
341.1559
93.0414
92.8668
156.8923
18.5311
18.7275
19.2800
21.0882
20.1182
330.6344
16.1332
53.9692
30.1040
2.5943
2.1543
17.5971
17.4663
32.2783
3.9247
8.0943
14.3791
221.8808
23.4413
4.2902
90.3474
90.8567
9.4991
19.7620
33.1085
37.9297
41.0526
40.4029
4.6520
4.7545
329.6786
25.0560
51.3714
7.6299
183.7337
13.8779
247.0916
4.2923
9.1804
35.3046
14.2070
12.9343
335.4984
342.8200
56.4915
7.8616
199.3485
26.0131
56.0249
13.7412
4.4537
3.4910
4.7470
150.7039
4.7559
15.3986
20.5710
7.6096
17.8792
22.3098
10.5288
12.1476
424.2379
100.3320
353.6139
19.3891
11.1545
114.9978
455.6520
18.6325
19.3623
139.8518
18.5892
20.9969
150.5528
4.6810
15.8502
15.7941
139.9066
1.2492
7.0084
61.8718
110.3794
15.2097
28.7053
100.4377
198.4636
253.4668
100.1112
4.4548
31.1779
196.0025
219.5212
4.1328
156.7375
213.4139
23.2387
21.4462
12.1407
284.7592
205.2646
318.7434
251.0862
5.0410
212.8581
108.6174
18.0586
43.1863
401.8786
41.6222
112.4475
16.2345
15.7967
16.8541
19.1710
108.0562
4.6829
7.0612
10.9427
9.2306
6.4552
6.7737
2.5766
18.0463
7.7437
9.0281
8.2605
4.5408
8.1695
13.5567
13.3885
10.2212
12.7007
12.3857
116.8700
136.2072
75.0264
177.0339
12.6387
8.3796
552.3367
25.2733
14.8024
10.6280
27.4247
416.4132
21.7673
10.0003
2.2748
12.2468
27.2921
60.7226
73.6320
2.2433
22.1905
24.7565
32.0128
183.2405
5.3382
9.5418
11.6626
34.6217
29.7803
13.9385
16.6949
93.6905
179.2848
70.5608
159.4803
33.5940
82.6385
83.7913
19.4618
191.4483
5.5879
23.5381
1.3195
3.4408
5.6731
13.5297
10.8777
97.2362
4.7041
5.2926
12.3376
260.9623
5.2629
217.2345
313.4473
11.2097
18.5031
8.3000
5.0228
13.6430
6.8650
323.4611
8.8819
213.6485
8.6848
257.4280
21.8482
595.2598
418.6957
311.8950
24.8255
3.2752
14.2988
32.0721
8.2242
4.5888
30.0662
5.6757
657.3226
8.1273
4.3100
20.0666
9.4697
327.7331
4.1827
12.7726
35.3056
14.9566
13.7530
1.8285
0.7703
54.0076
46.8326
14.8562
45.4922
30.0367
54.8548
179.0415
139.3154
485.4236
24.1388
41.9524
615.9839
82.7207
6.0896
11.8020
116.1467
27.7996
18.9481
33.1803
278.8476
21.2094
244.8188
32.4922
335.6029
132.7979
483.0172
327.6061
549.3812
252.1749
142.5927
264.3843
16.1248
323.2297
422.1468
440.6994
470.1034
727.5411
322.3658
52.5580
4.4843
3.1397
8.0871
34.6262
20.9038
4.4217
6.4207
