0.8680
0.0000
0.9430
0.7138
0.8167
0.8760
0.7679
0.7987
0.8561
0.7611
0.9065
0.9045
0.0489
0.9607
0.9473
0.9679
0.9237
0.9375
0.9571
0.7646
0.9490
0.9245
0.5526
0.1412
0.0000
0.8313
0.7847
0.8802
0.0000
0.0000
0.9077
0.7656
0.8974
0.8928
0.9565
0.6223
0.0000
0.8696
0.9464
0.0000
0.9702
0.9736
0.9053
0.9497
0.9585
0.9242
0.6676
0.8290
0.8272
0.0000
0.7306
0.9255
0.8544
0.3645
0.7891
0.9487
0.9534
0.8037
0.0000
0.9526
0.9353
0.0000
0.9733
0.7376
0.6276
0.8835
0.9018
0.6818
0.9876
0.0000
0.6771
0.5643
0.3821
0.7809
0.3133
0.0000
0.9168
0.9168
0.4593
0.7394
0.7992
0.9258
0.9665
0.9480
0.9247
0.9510
0.8895
0.9503
0.7272
0.4635
0.3059
0.9080
0.9416
0.9309
0.8809
0.8095
0.9285
0.8439
0.0387
0.7458
0.7857
0.6037
0.8400
0.0000
0.0000
0.8955
0.9580
0.8428
0.9645
0.8973
0.8028
0.8123
0.0173
0.9478
0.8037
0.7224
0.7778
0.9514
0.4099
0.7786
0.0000
0.3944
0.5952
0.6806
0.6708
0.8153
0.8391
0.7531
0.8371
0.7841
0.8164
0.8274
0.8837
0.8826
0.0000
0.0000
0.9013
0.9461
0.0062
0.0201
0.4364
0.5927
0.3520
0.8884
0.8330
0.8516
0.8725
0.8729
0.8801
0.8939
0.7264
0.0000
0.9531
0.0623
0.9171
0.0000
0.7681
0.5890
0.6471
0.8256
0.7626
0.8470
0.9152
0.8480
0.9446
0.8551
0.2401
0.9177
0.9416
0.9505
0.9647
0.9543
0.8129
0.8042
0.7081
0.8997
0.8166
0.6817
0.6598
0.8746
0.0398
0.6973
0.1651
0.9089
0.9351
0.9582
0.9744
0.9684
0.9633
0.9684
0.9826
0.9606
0.9711
0.8874
0.9654
0.8183
0.7344
0.8711
0.3025
0.9080
0.9036
0.8570
0.6536
0.4603
0.7215
0.0000
0.7828
0.8679
0.4954
0.8197
0.9183
0.9813
0.9782
0.9648
0.9608
0.9490
0.9740
0.9449
0.9054
0.9592
0.8268
0.9310
0.7521
0.5880
0.2200
0.0233
0.0000
0.7746
0.5358
0.8753
0.0000
0.0000
0.8507
0.7749
0.9279
0.7721
0.9694
0.9163
0.9451
0.9176
0.9438
0.9367
0.0000
0.0000
0.8554
0.2065
0.0000
0.0000
0.7608
0.0108
0.5956
0.8150
0.5202
0.9529
0.1365
0.0000
0.9571
0.7922
0.7662
0.3623
0.0000
0.0000
0.0000
0.6394
0.9401
0.8165
0.0000
0.7488
0.0000
0.0608
0.0514
0.0479
0.6558
0.2594
0.0986
0.7662
0.8762
0.8804
0.7774
0.8917
0.8710
0.8755
0.9105
0.8721
0.8996
0.8930
0.9450
0.8304
0.9348
0.9455
0.9415
0.7965
0.0000
0.7996
0.5726
0.5715
0.5755
0.6592
0.9151
0.8191
0.4160
0.5142
0.4013
0.5052
0.8902
0.8011
0.8797
0.8920
0.6640
0.6555
0.8298
0.8226
0.7913
0.8839
0.8519
0.8707
0.9258
0.8038
0.8472
0.0028
0.8114
0.9101
0.8624
0.9431
0.9557
0.9502
0.8543
0.9620
0.7962
0.7989
0.8867
0.9172
0.9562
0.8473
0.8532
0.0401
0.8119
0.9310
0.0000
0.5937
0.5929
0.5716
0.5955
0.8675
0.8742
0.8410
0.8816
0.9301
0.9657
0.9802
0.6661
0.8115
0.0000
0.0000
0.9486
0.0000
0.0000
0.0000
0.8307
0.7432
0.9428
0.9497
0.9587
0.8384
0.6235
0.8161
0.0000
0.6266
0.6580
0.8839
0.0000
0.9258
0.7416
0.8703
0.0000
0.3305
0.6728
0.6888
0.9494
0.8821
0.9238
0.9521
0.0000
0.0764
0.0000
0.6298
0.8870
0.8081
0.0000
0.9915
0.9314
0.9462
0.9492
0.9200
0.9678
0.8797
0.9148
0.0000
0.0000
0.0000
0.6790
0.8151
0.0000
0.0000
0.0000
0.0000
0.0000
0.0000
0.8575
0.7145
0.9351
0.9543
0.9360
0.9727
0.9305
0.8093
0.6522
0.5666
0.5155
0.6824
0.6550
0.7215
0.7981
0.6009
0.8930
0.7843
0.9108
0.8973
0.9009
0.7292
0.6601
0.6626
0.7150
0.7902
0.0000
0.6214
0.6767
0.0000
0.8493
0.9077
0.9067
0.0000
0.9851
0.9722
0.0000
0.9781
0.7894
0.6970
0.9668
0.8494
0.8649
0.8240
0.8297
0.0000
0.8595
0.8375
0.5974
0.0000
0.0075
0.0317
0.9133
0.0000
0.9190
0.9472
0.9007
0.9026
0.8282
0.9337
0.9399
0.9249
0.7648
0.8362
0.7687
0.8284
0.6469
0.7424
0.8010
0.7724
0.8358
0.7419
0.7666
0.8218
0.7729
0.8208
0.0000
0.5948
0.9235
0.9054
0.5897
0.6314
0.8551
0.5826
0.7482
0.8498
0.9251
0.8541
0.8955
0.8725
0.8534
0.8430
0.8757
0.8745
0.0000
0.8674
0.8657
0.9306
0.9114
0.9650
0.9360
0.9371
0.7058
0.4717
0.6247
0.0000
0.0039
0.0000
0.2212
0.0000
0.0000
0.0000
0.0000
0.7411
0.0104
0.8490
0.0000
0.0165
0.0264
0.0741
0.7214
0.5237
0.7132
0.8711
0.7141
0.0000
0.0000
0.0000
0.8245
0.0000
0.0262
0.9873
0.6645
0.9035
0.7825
0.7405
0.8669
0.7708
0.8543
0.0000
0.0000
0.6281
0.8540
0.0000
0.9840
0.8375
0.0520
0.7216
0.7971
0.9161
0.0000
0.7633
0.0000
0.0000
0.0000
0.0078
0.0078
0.0000
0.0000
0.0929
0.8854
0.9128
0.9188
0.9320
0.9237
0.9588
0.0000
0.9640
0.0000
0.0418
0.1028
0.0000
0.0000
0.0000
0.6834
0.3163
0.0760
0.0000
0.2332
0.1702
0.0062
0.0000
0.0468
0.0591
0.1048
0.0391
0.9516
0.8088
0.0519
0.4185
0.6594
0.0000
0.5053
0.4985
0.2932
0.1933
0.2048
0.7867
0.0000
0.1832
0.2200
0.0497
0.0975
0.0218
0.0000
0.7081
0.6495
0.2911
0.3175
0.2564
0.2265
0.2316
0.7145
0.0000
0.5804
0.7519
0.7287
0.0000
0.0000
0.8424
0.7517
0.6013
0.5645
0.9702
0.7678
0.8802
0.8580
0.9001
0.6926
0.9104
0.8893
0.9204
0.9616
0.8970
0.9244
0.9370
0.9567
0.8484
0.6828
0.9541
0.8642
0.8964
0.9789
0.9689
0.8198
0.9595
0.9550
0.0300
0.9398
0.9160
0.7843
0.7463
0.9387
0.9137
0.9350
0.9656
0.9706
0.9833
0.9786
0.9085
0.9517
0.7842
0.9759
0.9655
0.9842
0.8874
0.9238
0.0000
0.1368
0.9251
0.9361
0.9434
0.0000
0.0465
0.9104
0.9159
0.5156
0.6047
0.1727
0.8339
0.0000
0.0000
0.9566
0.6737
0.4527
0.6464
0.7213
0.6562
0.2184
0.5473
0.8954
0.0000
0.9108
0.9829
0.4698
0.6017
0.5968
0.6247
0.7341
0.4735
0.9626
0.9717
0.9341
0.0000
0.7451
0.4844
0.8711
0.8896
0.9610
0.9668
0.9561
0.5553
0.6025
0.0000
0.9598
0.9598
0.8962
0.9343
0.9714
0.5891
0.8850
0.5273
0.4489
0.5920
0.7388
0.4946
0.7247
0.9435
0.9316
0.0000
0.7469
0.9683
0.9653
0.0000
0.9105
0.9656
0.9889
0.9568
0.8956
0.9274
0.9448
0.9463
0.8719
0.9073
0.7532
0.9743
0.9599
0.9601
0.9151
0.8613
0.7433
0.9718
0.9575
0.9758
0.8812
0.6979
0.8157
0.8870
0.9700
0.8895
0.9688
0.3114
0.3555
0.0000
0.9083
0.9253
0.0000
0.6768
0.8965
0.8943
0.0000
0.8140
0.5430
0.6478
0.0000
0.0000
0.9632
0.9871
0.9565
0.9477
0.9052
0.8845
0.8249
0.8750
0.8941
0.9176
0.8785
0.8560
0.8002
0.8896
0.8245
0.8450
0.9633
0.8853
0.8673
0.7898
0.8782
0.8522
0.0000
0.8954
0.9619
0.9297
0.9214
0.9652
0.9598
0.9547
0.3943
0.0000
0.9004
0.9543
0.9494
0.8918
0.8063
0.8436
0.8829
0.8180
0.6114
0.6171
0.5501
0.2060
0.6053
0.8130
0.6051
0.7484
0.8756
0.8848
0.8734
0.7153
0.0486
0.8492
0.7782
0.8035
0.8130
0.8810
0.9653
0.9573
0.8536
0.9672
0.9138
0.8677
0.8938
0.8816
0.9207
0.8357
0.9205
0.9691
0.7748
0.9843
0.9534
0.9804
0.8101
0.8592
0.9744
0.9084
0.9753
0.9526
0.9488
0.5901
0.8641
0.9640
0.8986
0.9516
0.9240
0.9129
0.8531
0.9625
0.9207
0.9585
0.9506
0.4959
0.1584
0.5759
0.9273
0.9290
0.8936
0.9008
0.7523
0.5087
0.4064
0.1466
0.2453
0.6573
0.0000
0.0613
0.0964
0.1320
0.8422
0.0000
0.0510
0.0000
0.2600
0.7456
0.8871
0.8473
0.7368
0.7675
0.9021
0.8743
0.8596
0.2164
0.9666
0.9863
0.9667
0.9441
0.9669
0.9303
0.9768
0.0000
0.0000
0.9112
0.1739
0.9768
0.9879
0.9855
0.9477
0.9615
0.9293
0.9595
0.9535
0.8453
0.9080
0.0000
0.9816
0.9771
0.9550
0.9676
0.9297
0.9603
0.9528
0.9578
0.8370
0.9146
0.7336
0.0000
0.0000
0.9674
0.0000
0.0000
0.1518
0.0000
0.0000
0.0000
0.0000
0.0000
0.7947
0.0000
0.0000
0.0000
0.0000
0.0000
0.7281
0.0000
0.0000
0.0000
0.0000
0.0000
0.0000
0.0000
0.8866
0.6793
0.1837
0.8790
0.8571
0.8423
0.0000
0.9336
0.8294
0.0000
0.0000
0.0000
0.8072
0.7798
0.1363
0.3433
0.5653
0.5776
0.6431
0.6961
0.2701
0.5863
0.6089
0.6961
0.8053
0.6931
0.6435
0.0000
0.0367
0.2077
0.0585
0.0947
0.5912
0.4458
0.0000
0.7545
0.9432
0.8964
0.8170
0.9610
0.9477
0.9115
0.7006
0.2383
0.9827
0.9698
0.9596
0.6637
0.9843
0.9065
0.6716
0.7582
0.9375
0.9311
0.6534
0.8594
0.8722
0.0000
0.8587
0.6968
0.6410
0.9757
0.9563
0.7223
0.9778
0.9648
0.7634
0.0000
0.9016
0.9283
0.9798
0.9680
0.9810
0.9351
0.9645
0.9543
0.0000
0.9717
0.7949
0.8793
0.9655
0.9097
0.9101
0.8683
0.9659
0.8947
0.8784
0.8678
0.9461
0.8314
0.8962
0.8202
0.8975
0.9387
0.8446
0.9041
0.8379
0.6438
0.8925
0.5992
0.9435
0.9555
0.4629
0.9390
0.8812
0.8842
0.7512
0.8775
0.8970
0.9296
0.8156
0.8198
0.8222
0.8620
0.8884
0.7143
0.9247
0.5776
0.3526
0.0000
0.8879
0.9612
0.8639
0.7376
0.9645
0.9137
0.9173
0.5612
0.9446
0.9374
0.9341
0.4493
0.8444
0.8842
0.8289
0.0096
0.0087
0.7179
0.9644
0.9550
0.8066
0.7983
0.8712
0.8736
0.9361
0.9174
0.9472
0.9171
0.9332
0.9556
0.8461
0.9378
0.9101
0.9274
0.7086
0.9776
0.6963
0.0033
0.8761
0.9011
0.9636
0.3873
0.0000
0.0000
0.0000
0.6678
0.0000
0.9455
0.9299
0.8582
0.0000
0.0000
0.9307
0.8993
0.8559
0.9479
0.8360
0.9531
0.9235
0.8841
0.8855
0.8835
0.3596
0.9460
0.9621
0.9025
0.9456
0.7945
0.8942
0.0000
0.8442
0.9074
0.5373
0.3027
0.7643
0.0000
0.7310
0.6404
0.9621
0.8114
0.9092
0.9146
0.9408
0.9204
0.8855
0.8661
0.8812
0.8109
0.6623
0.6918
0.9559
0.8940
0.0000
0.8647
0.9185
0.8715
0.9440
0.9549
0.9203
0.7735
0.3658
0.6477
0.8132
0.7130
0.8212
0.0000
0.5961
0.5147
0.9154
0.0030
0.9633
0.0000
0.8466
0.8343
0.9408
0.9096
0.9830
0.8344
0.9785
0.9653
0.8845
0.9438
0.9524
0.9079
0.0000
0.8770
0.7943
0.0000
0.0000
0.9586
0.9494
0.5562
0.8150
0.7910
0.6360
0.0000
0.0000
0.2967
0.0000
0.3466
0.0143
0.4198
0.7255
0.8587
0.9103
0.8964
0.9136
0.8392
0.9409
0.9289
0.7981
0.8028
0.8807
0.9403
0.8996
0.8423
0.9415
0.9214
0.7572
0.9478
0.9496
0.9494
0.9213
0.9524
0.8485
0.7066
0.8767
0.8924
0.9463
0.8996
0.8795
0.0000
0.3709
0.0000
0.9283
0.9669
0.6708
0.9631
0.8360
0.9882
0.9087
0.7062
0.8978
0.9752
0.8333
0.8481
0.7836
0.9481
0.9261
0.9408
0.0000
0.7586
0.8317
0.9437
0.9677
0.9600
0.8888
0.0000
0.9794
0.8098
0.0774
0.7857
0.8947
0.6760
0.7100
0.7257
0.6399
0.8670
0.0000
0.0000
0.5757
0.9191
0.9183
0.8625
0.7697
0.9233
0.0000
0.9241
0.8643
0.0000
0.8947
0.9048
0.6382
0.0000
0.0000
0.8774
0.0000
0.6014
0.7057
0.6647
0.7934
0.9777
0.9753
0.8054
0.8438
0.9671
0.8898
0.8388
0.3329
0.8923
0.8755
0.3316
0.7928
0.0000
0.1446
0.7991
0.8756
0.8927
0.9218
0.9584
0.0832
0.9458
0.0838
0.7653
0.6390
0.8185
0.8786
0.0075
0.0434
0.0000
0.9829
0.6171
0.9155
0.9358
0.1536
0.9824
0.9025
0.8812
0.0560
0.9345
0.8728
0.9469
0.9273
0.7570
0.8548
0.0000
0.9602
0.9124
0.0000
0.0000
0.0000
0.9142
0.8802
0.7763
0.9659
0.8765
0.5681
0.5323
0.0355
0.8737
0.1224
0.9693
0.9157
0.8984
0.9337
0.9345
0.0000
0.9122
0.7790
0.8045
0.0000
0.0000
0.6016
0.8329
0.0000
0.8695
0.7476
0.0000
0.5520
0.0000
0.9595
0.0000
0.0000
0.0000
0.0000
0.8077
0.9442
0.6342
0.9170
0.0000
0.8838
0.9773
0.9522
0.1230
0.9774
0.9578
0.8407
0.7119
0.1202
0.9252
0.8994
0.0000
0.2175
0.9629
0.6476
0.0309
0.8229
0.8224
0.8376
0.9610
0.9632
0.8604
0.9446
0.9220
0.9466
0.6766
0.9797
0.9762
0.0000
0.9544
0.0000
0.0246
0.9412
0.0165
0.9325
0.6399
0.7658
0.0000
0.7534
0.0000
0.0000
0.0000
0.9246
0.8610
0.9367
0.9522
0.9363
0.9511
0.9038
0.8948
0.9867
0.9674
0.9847
0.0000
0.8573
0.9662
0.9670
0.9486
0.8645
0.8325
0.0000
0.1046
0.2035
0.8135
0.8880
0.0000
0.0172
0.8597
0.9267
0.8381
0.0000
0.0000
0.8346
0.9065
0.9083
0.0000
0.8953
0.0874
0.8305
0.9103
0.9348
0.8688
0.0000
0.0000
0.9365
0.9288
0.0000
0.0000
0.3266
0.8905
0.0000
0.9358
0.9041
0.8891
0.9147
0.9287
0.0000
0.0000
0.0000
0.0694
0.1003
0.0000
0.0000
0.0000
0.8504
0.8009
0.7878
0.5698
0.8587
0.0000
0.9247
0.0000
0.0000
0.9653
0.9646
0.8808
0.0000
0.5716
0.8981
0.9456
0.8812
0.0343
0.7692
0.9715
0.0000
0.0000
0.8211
0.0924
0.1761
0.7330
0.9018
0.6791
0.8451
0.8913
0.0257
0.1345
0.0000
0.8816
0.0301
0.9503
0.1068
0.9741
0.9337
0.8379
0.8943
0.9328
0.1328
0.0000
0.8501
0.9458
0.0000
0.8262
0.8142
0.8476
0.9394
0.8002
0.9763
0.0000
0.9029
0.9202
0.9362
0.9354
0.8252
0.7849
0.4631
0.0000
0.0000
0.0000
0.1271
0.9313
0.9455
0.0000
0.0000
0.8054
0.8949
0.0000
0.8326
0.8517
0.0000
0.9096
0.7623
0.7751
0.0000
0.9768
0.8856
0.0000
0.0000
0.7993
0.5908
0.0000
0.0000
0.0000
0.0000
0.9798
0.7458
0.0000
0.0000
0.8952
0.0405
0.0337
0.6445
0.7627
0.7658
0.0000
0.0000
0.0000
0.0000
0.9633
0.0000
0.0000
0.0000
0.0000
0.0000
0.6136
0.0000
0.8996
0.9282
0.9186
0.7698
0.0000
0.9823
0.9301
0.9453
0.9099
0.9840
0.9906
0.9664
0.9061
0.9869
0.8089
0.7005
0.9563
0.9712
0.9275
0.9238
0.9271
0.9357
0.9253
0.0000
0.0000
0.0000
0.0000
0.9513
0.9488
0.2703
0.7036
0.7935
0.9054
0.0019
0.0000
0.6240
0.8177
0.8181
0.4351
0.2297
0.0000
0.0000
0.9175
0.6537
0.0000
0.0000
0.0000
0.9156
0.9343
0.7932
0.8515
0.8963
0.8523
0.2544
0.0000
0.0000
0.0000
0.0000
0.3366
0.0000
0.0000
0.3642
0.0000
0.8765
0.0000
0.9746
0.9571
0.9748
0.8171
0.8391
0.0000
0.9717
0.8828
0.9380
0.1405
0.9684
0.0000
0.0000
0.8242
0.7120
0.5916
0.8973
0.8265
0.8798
0.1550
0.9598
0.0000
0.9440
0.0000
0.4317
0.0255
0.0000
0.1308
0.6017
0.8584
0.6835
0.0472
0.7822
0.9140
0.9431
0.9434
0.0000
0.8747
0.9213
0.8973
0.8952
0.0000
0.9105
0.7703
0.8915
0.8693
0.7626
0.9615
0.9130
0.0000
0.3996
0.9432
0.3012
0.7924
0.0000
0.0000
0.0000
0.0000
0.6996
0.9015
0.0888
0.0000
0.8519
0.8275
0.1728
0.6984
0.6779
0.5241
0.0000
0.7390
0.0000
0.5973
0.0000
0.0000
0.0000
0.0000
0.0000
0.0000
0.0000
0.0000
0.8350
0.0000
0.0000
0.0944
0.1048
0.0000
0.0000
0.6361
0.8753
0.9069
0.9448
0.7930
0.6773
0.9222
0.9602
