1.5352
174.0549
1.8211
5.1775
3.1679
1.9023
2.3284
4.5807
5.8528
2.2087
3.6088
4.8273
138.7617
3.2910
2.6752
2.5153
2.6145
2.0666
2.5663
7.1779
4.6156
1.5040
15.6749
170.1882
87.0402
7.1227
5.8949
7.5579
160.3186
95.1721
1.9970
8.5784
2.1699
2.3605
1.6256
2.3111
94.2678
4.2069
4.0811
97.2113
2.4262
2.8643
3.4331
2.9650
2.1093
2.0316
14.9142
6.7949
3.2520
95.5637
6.9123
4.0143
1.6212
6.2844
6.5137
3.8085
3.3605
4.8507
13.0956
3.0412
2.1350
2.3688
1.7452
3.8063
9.3006
3.9720
3.2363
5.5970
1.7226
2.0630
2.4983
3.0409
3.5907
2.2313
33.3166
179.0535
3.2893
3.3892
2.7491
3.9562
2.9561
1.2201
2.0179
1.7337
1.3241
1.6763
1.7975
1.5441
1.8121
4.1155
179.0866
4.2263
2.0414
2.0200
1.6898
2.3197
3.4671
9.0383
137.3675
2.3129
2.1827
4.7423
8.7115
10.4453
15.4914
3.6561
1.8996
8.8076
2.7355
1.9888
4.1205
2.7918
121.2192
3.6935
4.6281
9.4401
3.4276
4.3551
9.6957
2.5615
12.0544
11.8768
6.2216
7.7896
3.6323
3.3763
5.5713
3.7314
4.5781
2.4745
1.7774
2.3249
3.1034
6.2340
86.1680
85.4620
1.8575
2.2595
128.4855
178.7627
14.5324
8.3053
9.9845
3.6980
3.7294
7.6716
2.9236
2.6294
1.8166
2.6263
2.6831
175.2767
2.0498
178.9356
2.9635
177.9289
7.0374
15.3582
4.6214
3.2215
2.3100
4.0211
3.0988
3.4548
2.1556
3.3319
178.9420
3.4082
1.7258
1.6103
1.9744
2.8466
2.2484
4.5855
1.8835
3.4354
3.1577
15.8571
4.9112
5.8636
164.9290
2.0303
83.7506
2.4357
1.4033
1.5074
1.4767
1.6566
1.8002
2.7556
2.4786
1.6159
2.4562
4.2576
2.7352
2.5042
5.1272
4.0119
179.0734
2.7839
5.3836
5.1746
3.7975
3.6024
2.4628
92.0078
2.7906
5.1610
2.3139
3.0155
2.8646
1.7879
1.7333
1.7333
1.8431
2.8580
2.5862
1.7283
1.5123
3.3237
6.1178
2.7130
3.0169
3.9083
178.6300
130.2999
12.3434
1.8984
4.8836
3.3230
94.4774
93.0239
3.9953
4.8967
2.8518
3.8483
3.2078
3.6495
2.6250
4.5917
3.0968
3.3116
86.7345
86.6774
6.3800
17.7448
95.0531
86.4600
3.5090
12.0574
5.2467
2.8954
5.8900
4.4285
64.1900
86.7785
3.3832
2.9254
3.2938
14.1981
93.4245
86.6006
101.4787
6.4045
4.4782
7.3645
177.5634
9.4149
87.4499
179.0202
86.1642
86.1435
4.6344
6.5902
84.5498
4.4872
5.5954
2.7091
3.9880
3.3737
4.5296
4.7218
5.9250
6.6378
5.2004
4.9767
2.9874
4.9231
3.2409
1.8469
3.2840
4.5600
87.0372
5.0607
2.3475
2.7757
5.0087
4.3988
3.9006
4.6249
1.7294
1.6758
2.3665
2.6676
2.6109
5.1741
3.6275
4.0111
3.9114
4.6914
1.7432
2.1322
2.8538
3.2115
2.9405
2.5306
3.5950
5.3812
4.6675
122.3818
4.1190
3.7375
4.1854
1.9904
1.8826
3.1214
4.1344
2.9461
2.9104
4.1460
2.5037
3.9697
1.8963
2.5654
2.3203
129.6004
2.3996
2.9629
8.0603
3.9784
2.3716
3.1934
4.0766
4.5617
2.2565
2.4021
3.0972
3.0822
3.5582
2.3698
5.2864
2.6728
87.0123
173.4643
2.7504
76.6955
89.2696
87.4593
3.1088
2.1659
3.4520
4.1683
2.2435
9.8484
5.0019
3.3793
86.5395
1.8049
2.0747
4.6232
178.9352
2.6892
8.6129
4.2835
5.1358
3.4348
2.2824
2.6056
5.3044
5.3759
3.4132
2.5410
101.5467
86.1103
101.6536
2.8341
2.8308
4.6057
178.1567
1.7402
3.5344
2.3635
1.8707
3.5613
2.8448
2.3072
2.4723
97.2029
31.9358
13.6709
4.6960
4.4555
92.9697
45.0037
14.1864
7.2441
85.3765
96.8871
4.7079
5.4631
2.9929
2.5832
2.8627
3.1085
2.6040
2.6933
6.6321
4.1424
3.0733
3.2236
7.4158
5.9050
2.8842
3.1517
3.9239
2.6553
3.6612
4.9090
5.3932
2.8507
3.2329
3.2774
2.9158
3.3967
87.0027
2.8381
8.0453
85.6750
2.5398
2.4896
5.1699
3.3470
1.9492
4.0384
92.4480
2.0926
8.9181
11.8605
3.3476
7.1634
7.6305
5.1954
9.0740
116.4588
12.7517
8.0912
12.5923
164.5640
169.5789
178.1974
2.3714
172.8746
4.8313
2.5131
2.5866
4.5641
4.7694
2.7529
2.9568
3.1559
1.9536
1.9384
2.6565
2.6734
2.6372
2.2349
1.9490
3.0636
2.5609
3.6318
2.7954
2.3905
4.9069
3.5632
169.0715
6.1315
4.3600
3.0278
3.9358
6.7620
3.0417
4.9100
3.6393
5.6223
2.7541
2.2638
3.0127
3.2426
3.8945
2.7156
3.4583
1.8833
6.1225
4.4129
8.7903
2.0832
2.3430
1.9039
3.0741
2.4689
2.6471
2.3200
3.5317
56.9586
70.6560
2.5016
92.3135
39.1637
24.1577
67.3785
98.7409
5.5465
30.7312
2.5098
66.1595
179.4464
130.1435
145.5389
2.0802
5.2424
1.5196
3.0427
4.0927
153.2149
177.7294
86.4135
1.4067
38.2308
78.5438
1.9199
11.5617
4.3327
4.3593
3.3267
1.5580
2.5965
1.6810
132.7855
176.6806
5.0682
3.2065
50.8318
2.5559
4.5854
116.5467
4.8879
1.5560
1.7809
171.8700
5.5504
171.6047
51.3009
172.1186
179.1969
178.9398
70.6605
178.7562
24.6046
2.5615
1.7016
1.7792
2.8265
4.5257
2.7454
177.8054
1.1784
177.5315
180.0000
179.6456
177.8882
175.6812
175.9534
6.4648
148.4202
18.5435
149.0242
103.4706
96.3631
65.4641
170.9570
177.8747
179.3688
178.0819
180.0000
2.4811
2.7777
83.1931
163.1828
8.3065
70.1172
3.1755
41.8556
103.7673
106.0352
95.2935
4.8054
67.8184
180.0000
2.2853
178.6337
177.5995
128.8281
68.2973
9.9211
1.2436
62.9541
87.8016
79.6884
87.7856
78.9897
2.0607
97.2041
2.4624
4.8140
4.9032
89.4562
176.1611
4.8707
14.1944
3.0963
3.5555
1.6763
12.1439
4.8817
6.2804
5.0872
2.8562
1.8934
2.6232
2.4868
1.4211
2.6270
1.5826
0.3648
0.6927
2.8657
3.8490
1.1440
3.5958
1.6164
1.2988
1.1274
1.7681
2.4490
1.2729
179.1906
1.5180
4.2481
4.4315
2.2270
1.3229
6.2760
1.3723
1.5066
2.0140
2.6118
1.0907
3.7188
2.1151
2.1408
1.8520
2.5996
1.4788
4.1138
5.9694
23.3903
169.5669
3.3858
0.9756
0.9400
51.4798
63.6368
4.0701
3.5227
2.3362
1.9660
96.4807
5.9123
166.6549
5.3084
3.7329
2.1767
2.7845
1.2294
3.2038
2.9444
1.8657
5.2184
2.1607
4.0042
1.1856
3.2377
2.5744
1.8806
1.9460
2.9262
3.4109
3.6063
6.1464
7.5050
7.7449
113.6331
1.5712
1.6495
8.3673
4.2275
2.1538
3.5247
2.8945
1.0378
4.2999
28.4800
0.8486
1.2364
10.5019
3.6759
2.7677
3.7578
4.1061
1.6819
3.7960
5.1707
1.6669
1.1596
5.3360
4.2826
2.5393
56.4062
3.8387
2.3180
1.3955
158.1896
0.2770
0.8727
0.5595
2.7819
0.9828
5.5858
1.9781
2.1494
10.1008
5.7644
3.2788
2.1403
0.8953
1.9033
3.1372
3.3389
1.7310
2.5237
2.2888
1.2430
1.4548
6.8289
3.8138
5.4100
1.7396
2.4529
1.5900
22.3991
29.9069
32.1768
2.0527
2.9368
30.6890
11.7521
2.3438
2.7193
96.7892
2.9798
7.1785
7.8436
93.7494
85.1900
2.4203
1.8306
2.4091
1.8342
6.4035
4.2510
3.8420
1.3921
6.2541
4.9726
4.7440
6.1211
9.7494
6.7258
13.5322
8.3149
2.0364
4.3359
1.8267
14.7731
9.1432
13.3949
124.4460
5.5350
1.4235
4.4289
3.8104
0.6256
1.6723
2.1929
2.7431
174.5032
6.8451
4.6399
5.5967
4.1466
4.3123
6.1239
6.2534
8.4331
5.7315
4.9486
6.5959
11.0161
3.2308
1.2268
3.2188
3.6917
3.2365
2.2143
1.9718
3.4269
53.8592
7.1135
3.8561
3.2420
1.8110
1.7276
1.3972
1.6258
2.2501
1.4852
1.5035
4.4808
2.1386
1.6660
0.9487
4.8641
5.0356
0.9561
3.9135
1.0756
1.0149
0.7778
4.2387
7.6011
0.9329
1.9522
0.7662
1.4222
1.0993
10.3858
2.8595
2.6401
6.2279
2.3691
3.0553
5.3710
1.3265
2.1326
0.9840
2.1368
2.6151
20.3443
93.5783
15.5137
2.2678
2.2348
7.0775
4.8117
1.8793
5.8641
4.5311
7.2976
0.8740
1.0993
178.9751
178.5519
44.9404
40.5428
2.6991
108.0073
166.9372
140.1747
174.0035
2.4019
2.1186
1.8060
13.5978
5.4235
4.3254
4.8486
6.2062
138.0172
1.7827
1.1663
2.4357
2.7542
1.0975
3.2362
4.3038
120.1359
105.6345
5.5664
30.4923
1.3862
1.7351
1.8410
5.0347
1.9339
1.5413
2.6305
3.0594
5.3443
5.5395
137.2420
1.0494
1.4489
2.3225
1.1810
7.9381
4.3659
2.2491
2.3797
5.2493
5.7851
15.1690
157.6359
93.7345
4.0407
126.8341
100.7015
171.5867
140.2066
121.6992
108.6150
97.1306
14.0483
6.7727
78.4289
164.2527
147.4276
9.3082
136.7174
5.2488
102.9949
96.9167
175.7725
153.1784
165.3311
160.7814
92.8164
10.2168
17.3708
17.6083
4.3009
5.6005
15.5295
100.0741
6.1199
11.3495
98.4829
177.4026
178.9952
15.3083
12.0252
4.9368
14.2321
10.3875
8.8304
7.6217
7.2439
11.8257
10.5030
7.3974
7.5229
4.8477
9.6269
10.7805
175.5107
172.7504
44.4886
172.3924
88.2577
5.5575
27.6007
172.0603
21.4837
6.6248
8.2677
4.0681
2.4135
2.0247
4.0060
5.3186
7.9687
1.7342
1.7851
4.0280
8.2787
1.4899
4.9907
3.3265
5.2618
4.8227
2.4655
1.6469
4.5012
5.3847
177.2540
5.9443
5.1111
13.8805
1.9335
2.2390
6.0966
1.8423
2.0689
4.0878
26.1971
2.8494
2.8337
1.5226
1.2281
2.1180
3.4189
2.2265
1.6497
170.3797
2.2771
2.1212
3.2891
2.2097
1.5372
1.6537
3.2119
2.2817
4.8299
6.0675
1.7853
1.8949
3.6474
3.3905
3.6170
1.9988
2.6493
4.2103
4.3093
4.6168
2.8401
4.9145
5.2719
3.1078
2.2939
6.1421
2.1540
3.2469
3.2181
4.7756
2.9621
2.9968
3.3862
4.7935
3.9955
8.0000
6.0067
1.4028
0.6847
3.0808
11.4655
23.4848
5.9104
4.5767
2.1239
4.5522
3.9538
1.6099
1.6086
4.8835
7.9652
3.7165
2.3480
1.5740
8.6110
4.2489
1.5517
4.0208
28.9641
38.1707
6.8125
0.9001
2.2379
1.8069
2.5438
1.9831
1.8845
0.7391
3.4495
2.3729
2.9117
1.8801
2.1210
2.0004
2.9841
4.2697
2.1439
5.0650
1.2455
4.4329
11.4750
1.8806
4.3537
1.3712
7.4264
172.5807
44.2356
7.2092
5.5217
52.9212
0.9359
2.3377
3.0489
179.2498
11.0389
3.7862
4.9911
6.3254
1.6381
8.7174
1.6234
1.6212
2.3131
1.4219
0.7843
1.9404
2.9401
0.8290
1.7059
3.0073
1.1187
3.8169
169.5173
4.0186
1.2732
2.6296
1.9420
3.5107
168.7144
3.2161
2.0485
1.0423
4.9985
1.4629
1.5542
1.7285
2.2112
2.5294
3.6530
4.3760
3.2026
3.6528
1.8295
0.6921
4.2445
133.0894
1.5974
1.3955
2.4105
2.1501
1.5856
3.1353
1.4329
5.8283
3.3482
5.0743
2.6643
1.9841
176.1584
1.5861
4.2872
7.7865
167.6511
1.7429
174.4439
6.0083
8.7560
2.0349
1.4554
0.4187
2.0311
1.8198
2.2884
2.2223
0.6052
2.2543
4.7280
132.4683
2.6034
6.1326
178.7467
176.9850
3.2779
2.4303
2.5190
6.4711
3.3644
7.3554
19.9522
48.5490
3.4207
48.4464
4.2016
4.9940
7.3201
2.7495
3.4300
2.4417
5.0378
3.9594
1.1371
2.0762
1.5794
4.2689
4.6873
3.2015
1.5697
1.6385
1.9746
2.5404
1.7053
4.3780
2.1140
2.1140
2.6469
2.3072
2.5073
6.1529
14.7607
3.0520
3.6804
3.5229
4.7872
4.4908
140.5261
6.0729
178.4256
5.3664
1.5390
4.7065
2.8399
1.8297
0.9035
3.1598
1.8749
1.8355
1.3927
5.6128
4.0632
5.8015
5.9036
1.8338
3.5750
178.2520
5.7041
3.4791
0.5981
1.4296
1.5774
1.8047
177.9944
1.5502
7.4107
178.6417
9.9630
1.2763
4.3229
2.3301
3.5308
4.1891
1.0329
179.0969
87.4465
8.3158
4.1832
3.4526
6.4415
3.7989
1.7936
7.0672
1.1794
2.5305
89.5314
4.7603
1.9827
3.3354
6.5775
74.9066
2.6543
89.9107
1.9414
5.7092
2.4667
5.5118
2.7559
2.7764
1.8367
3.5306
2.1054
3.1359
5.0005
5.2224
2.1436
2.9727
7.8802
3.4831
16.4315
179.7878
1.4290
3.3461
1.5866
0.2594
1.9396
180.0000
1.4078
179.4692
10.3954
6.0170
7.5735
2.8436
124.6339
104.9708
13.1089
0.7386
1.6123
5.5141
4.8168
177.4676
0.6555
1.6140
3.1205
179.8442
1.1896
2.5573
2.0956
2.4623
2.1543
0.7465
177.7351
0.8327
3.1124
103.1147
127.8621
131.0189
3.1579
1.9325
2.8533
1.6981
2.1256
1.2891
5.5265
58.2824
1.3921
5.8072
0.5941
1.8119
6.2400
1.9892
4.5049
97.1593
1.4529
3.2490
7.1351
77.8966
17.6292
3.4384
1.0628
4.4639
3.2963
4.6915
43.3664
3.4381
179.6585
1.8814
101.8713
72.4694
85.6381
171.0259
0.9177
5.2136
2.6702
3.3875
107.0905
4.7549
2.1756
2.6450
178.7509
3.9959
3.6233
8.1529
15.2653
177.8826
1.6613
1.8938
121.7737
177.0330
1.1344
4.1783
116.5923
1.7586
5.0676
6.6609
1.2772
0.8252
6.4461
3.3891
2.5444
3.0808
8.8667
0.9659
1.2499
118.8454
2.3505
133.2500
158.8347
1.5443
124.8476
2.1569
10.3740
1.6483
178.6166
3.6008
126.6440
98.2819
100.4543
3.0933
3.2857
2.7735
3.9497
3.5833
2.4388
1.6608
4.0473
1.6877
2.3906
0.7569
169.0874
6.0938
4.6318
0.9820
4.5973
5.0549
7.7687
178.7471
179.8442
179.2323
7.0894
6.6138
178.6143
20.6436
3.7882
5.7072
7.2942
178.5318
88.5264
8.2889
6.7411
7.3484
175.1657
5.0974
101.3097
3.9747
3.2240
6.2051
10.0727
177.3912
90.4999
4.8689
5.9443
176.2909
96.1215
6.5210
6.0035
95.1326
0.4731
4.6376
4.5031
2.5212
2.7606
96.3409
102.5812
5.1785
178.6612
175.9316
6.3468
6.7111
17.3244
8.0407
6.2432
6.2455
6.8649
5.0767
82.4425
5.6301
91.3830
94.3112
1.2297
0.4673
6.1853
92.5481
6.6673
1.2007
2.2221
5.9391
179.5804
6.6916
1.1333
8.7418
4.8716
4.2098
1.9931
4.6037
9.7495
7.1702
14.3262
3.0926
2.5798
89.6104
2.6801
0.8931
3.8246
177.3270
3.8981
178.0330
1.0314
3.1821
7.3957
3.4431
4.6400
178.3710
116.2487
14.1290
2.0854
178.7257
5.2606
12.6443
2.6848
1.2716
0.7274
2.0068
103.6889
3.7569
3.8041
5.6499
2.0512
4.2909
9.0511
8.6261
11.1844
175.4068
11.9117
179.1047
4.2584
4.3630
85.4228
176.4253
3.4883
3.7913
24.8123
2.8071
3.8197
127.1443
2.7599
5.0948
3.6889
41.4646
0.4846
1.0825
47.8896
7.2540
3.7319
5.7122
20.9716
3.6301
8.0706
3.4245
1.5647
5.1863
4.1907
4.5606
1.3712
171.8757
171.4577
4.4520
6.0994
1.7853
160.9259
6.7168
176.2615
11.6081
2.3792
175.5950
4.5013
21.5241
13.4156
173.5999
6.8650
6.9620
4.2811
4.7133
4.2356
3.6556
4.4106
0.9022
1.5084
1.9221
1.9542
1.6188
1.6077
0.5828
4.7647
2.2090
1.0986
6.1455
1.5903
2.2958
3.1372
4.8490
3.9497
3.8163
4.7913
4.4760
18.2404
89.5841
91.2914
3.9750
2.4325
179.5776
5.6867
5.6257
4.1948
2.3797
91.2624
4.4664
4.4129
1.9904
4.0708
4.0012
2.1686
2.5888
3.5446
4.1940
3.0653
3.2305
92.7355
1.4844
3.0162
6.2248
5.4584
5.0962
3.6846
2.6318
83.6986
91.6499
4.3179
3.0167
5.2735
2.3149
2.2274
6.5900
95.6240
1.1952
7.9855
1.6106
1.5428
0.7863
10.5078
4.5759
7.6940
1.3116
2.1352
3.2295
178.8980
2.2793
112.1652
79.9513
2.8421
3.9173
2.6499
1.9031
3.2780
2.5445
96.5772
2.7634
66.6790
2.7193
98.3969
14.2665
177.5796
179.5412
178.5582
3.7230
3.9081
3.7359
12.3083
2.8211
1.2549
6.8052
3.2429
120.4344
2.7702
1.3444
5.7428
2.4094
155.0478
1.6775
2.0364
7.9590
3.3436
2.1278
0.7381
0.7600
17.4192
8.2719
4.5437
7.6290
6.2541
7.0884
86.2410
73.2139
108.3913
7.5128
9.7130
176.7699
15.7539
2.2499
2.2941
39.7592
11.5051
7.6793
17.0075
44.1859
11.0313
20.5957
7.9710
97.4462
124.0736
176.5883
101.2271
180.0000
99.5345
127.4847
99.0147
3.4966
108.1489
100.8939
176.3926
178.5440
166.9578
94.9309
10.1409
0.8261
1.1007
3.6446
6.3999
3.6915
0.9181
1.0535
