0.8353
0.0000
0.9144
0.6025
0.7278
0.7982
0.6481
0.7210
0.8056
0.7287
0.8973
0.8917
0.0387
0.9391
0.9420
0.9521
0.9040
0.9104
0.9439
0.6480
0.9360
0.9072
0.4907
0.1316
0.0000
0.7647
0.7131
0.8268
0.0000
0.0000
0.8923
0.6762
0.8644
0.8350
0.9371
0.4809
0.0000
0.8578
0.9258
0.0000
0.9662
0.9613
0.8497
0.9406
0.9508
0.8956
0.6037
0.7736
0.8092
0.0000
0.6627
0.8961
0.8096
0.2881
0.7244
0.9212
0.9338
0.7383
0.0000
0.9340
0.8893
0.0000
0.9718
0.6827
0.5300
0.8126
0.8661
0.5734
0.9824
0.0000
0.5409
0.4275
0.2438
0.6627
0.2318
0.0000
0.8837
0.8985
0.3108
0.6111
0.7100
0.9049
0.9557
0.9346
0.9000
0.9486
0.8760
0.9419
0.6191
0.3247
0.2203
0.9028
0.9371
0.9295
0.8479
0.7331
0.9215
0.7637
0.0219
0.6299
0.7297
0.5535
0.8029
0.0000
0.0000
0.8573
0.9543
0.8125
0.9617
0.8712
0.7126
0.7377
0.0126
0.9371
0.7410
0.6409
0.7404
0.9363
0.3753
0.6801
0.0000
0.2995
0.4973
0.5604
0.5747
0.7884
0.7715
0.6974
0.7941
0.6999
0.7296
0.7379
0.8363
0.8832
0.0000
0.0000
0.8497
0.9422
0.0040
0.0167
0.3402
0.4636
0.3298
0.8630
0.8047
0.8216
0.8663
0.8226
0.8273
0.8548
0.5983
0.0000
0.9371
0.0497
0.8706
0.0000
0.6959
0.5000
0.5372
0.7724
0.6774
0.7800
0.8865
0.8281
0.9267
0.7987
0.1681
0.8976
0.9249
0.9378
0.9647
0.9548
0.8120
0.7329
0.6206
0.8569
0.7624
0.5621
0.5679
0.8363
0.0307
0.5689
0.1342
0.8741
0.9144
0.9384
0.9640
0.9593
0.9535
0.9567
0.9805
0.9495
0.9694
0.8613
0.9611
0.7629
0.6076
0.8667
0.2648
0.8713
0.8710
0.8073
0.5142
0.3136
0.5860
0.0000
0.7489
0.8333
0.3466
0.7565
0.9003
0.9773
0.9766
0.9599
0.9473
0.9357
0.9703
0.9440
0.8948
0.9517
0.7620
0.9233
0.6669
0.4525
0.1424
0.0179
0.0000
0.6625
0.3946
0.8369
0.0000
0.0000
0.7911
0.6633
0.9011
0.6574
0.9567
0.8764
0.9270
0.8914
0.9381
0.9222
0.0000
0.0000
0.7931
0.1442
0.0000
0.0000
0.7098
0.0066
0.4789
0.7290
0.3863
0.9315
0.1270
0.0000
0.9515
0.7047
0.6919
0.2540
0.0000
0.0000
0.0000
0.5623
0.9102
0.7283
0.0000
0.6435
0.0000
0.0346
0.0273
0.0259
0.5330
0.1775
0.0630
0.6975
0.8200
0.8371
0.6912
0.8527
0.8170
0.8185
0.8474
0.7975
0.8442
0.8428
0.9388
0.7376
0.9107
0.9331
0.9262
0.6885
0.0000
0.7289
0.4433
0.4516
0.4474
0.5290
0.8777
0.7460
0.2878
0.3692
0.2644
0.3606
0.8534
0.7159
0.8381
0.8599
0.5499
0.5332
0.7867
0.7793
0.7367
0.8597
0.8146
0.8302
0.8829
0.7226
0.7923
0.0025
0.7027
0.8826
0.8019
0.9180
0.9442
0.9384
0.8136
0.9653
0.7049
0.7184
0.8403
0.8790
0.9402
0.7698
0.8031
0.0335
0.7511
0.8951
0.0000
0.4864
0.4514
0.4526
0.4842
0.8282
0.8088
0.7663
0.8340
0.8958
0.9599
0.9796
0.5430
0.7556
0.0000
0.0000
0.9254
0.0000
0.0000
0.0000
0.7392
0.6475
0.9200
0.9201
0.9524
0.7711
0.5201
0.7594
0.0000
0.5366
0.5414
0.8478
0.0000
0.9177
0.6968
0.8360
0.0000
0.3061
0.5707
0.5694
0.9350
0.8430
0.8840
0.9368
0.0000
0.0605
0.0000
0.5082
0.8299
0.7484
0.0000
0.9906
0.9176
0.9378
0.9598
0.9006
0.9639
0.8680
0.8770
0.0000
0.0000
0.0000
0.5476
0.7607
0.0000
0.0000
0.0000
0.0000
0.0000
0.0000
0.8222
0.6395
0.9182
0.9369
0.9199
0.9674
0.9025
0.7654
0.5330
0.4614
0.3927
0.5818
0.5281
0.6257
0.7367
0.5201
0.8546
0.7060
0.8639
0.8329
0.8580
0.7021
0.5983
0.5682
0.6469
0.6740
0.0000
0.5437
0.5412
0.0000
0.8160
0.8777
0.8960
0.0000
0.9822
0.9557
0.0000
0.9681
0.7361
0.6416
0.9570
0.7515
0.8389
0.7245
0.7468
0.0000
0.8246
0.7875
0.5155
0.0000
0.0039
0.0195
0.8758
0.0000
0.8827
0.9331
0.8607
0.8792
0.7737
0.9105
0.9173
0.8926
0.6438
0.7551
0.6440
0.7325
0.5035
0.6157
0.6999
0.6430
0.7395
0.6333
0.6674
0.7458
0.6741
0.7434
0.0000
0.5009
0.8791
0.8643
0.4620
0.5195
0.8172
0.4786
0.7108
0.7932
0.9137
0.7906
0.8426
0.8141
0.8084
0.7879
0.8452
0.8579
0.0000
0.7929
0.8232
0.9052
0.8986
0.9697
0.9135
0.9326
0.5588
0.3284
0.5059
0.0000
0.0031
0.0000
0.1625
0.0000
0.0000
0.0000
0.0000
0.6764
0.0060
0.7776
0.0000
0.0087
0.0160
0.0569
0.7171
0.4496
0.6560
0.8002
0.6476
0.0000
0.0000
0.0000
0.7600
0.0000
0.0196
0.9843
0.5445
0.8764
0.7007
0.6372
0.8168
0.6892
0.8240
0.0000
0.0000
0.5253
0.7782
0.0000
0.9748
0.7607
0.0444
0.6234
0.7261
0.8791
0.0000
0.6631
0.0000
0.0000
0.0000
0.0045
0.0050
0.0000
0.0000
0.0596
0.8524
0.8916
0.8919
0.9036
0.8796
0.9460
0.0000
0.9551
0.0000
0.0356
0.0728
0.0000
0.0000
0.0000
0.5850
0.2166
0.0473
0.0000
0.1654
0.1366
0.0043
0.0000
0.0276
0.0331
0.0595
0.0210
0.9243
0.7107
0.0353
0.3640
0.5846
0.0000
0.4015
0.4293
0.2315
0.1598
0.1609
0.7242
0.0000
0.1579
0.1500
0.0293
0.0582
0.0156
0.0000
0.6631
0.5884
0.2427
0.2526
0.1954
0.1544
0.1998
0.6143
0.0000
0.4834
0.6747
0.7008
0.0000
0.0000
0.8010
0.6749
0.5452
0.5079
0.9671
0.7137
0.8789
0.8165
0.8803
0.6229
0.8814
0.8646
0.9053
0.9655
0.8509
0.8911
0.9211
0.9392
0.8205
0.6000
0.9463
0.8219
0.8611
0.9678
0.9654
0.7771
0.9544
0.9450
0.0185
0.9123
0.8697
0.7013
0.6414
0.9031
0.8923
0.9127
0.9590
0.9680
0.9769
0.9754
0.8647
0.9328
0.6755
0.9724
0.9481
0.9789
0.8359
0.9055
0.0000
0.0951
0.8999
0.8931
0.9043
0.0000
0.0309
0.8510
0.8715
0.4195
0.5179
0.1368
0.7317
0.0000
0.0000
0.9388
0.5456
0.3319
0.5198
0.6252
0.5403
0.1360
0.5294
0.8571
0.0000
0.8815
0.9778
0.3692
0.4894
0.5022
0.5177
0.6134
0.3360
0.9430
0.9542
0.9024
0.0000
0.6804
0.3703
0.8421
0.8314
0.9496
0.9697
0.9385
0.4383
0.4727
0.0000
0.9415
0.9410
0.8252
0.8999
0.9543
0.4872
0.8477
0.3878
0.3514
0.4683
0.6315
0.3656
0.6862
0.9143
0.9034
0.0000
0.6580
0.9586
0.9618
0.0000
0.9062
0.9550
0.9836
0.9407
0.8635
0.9007
0.9331
0.9220
0.8194
0.8673
0.6355
0.9609
0.9541
0.9457
0.8748
0.8674
0.6101
0.9583
0.9376
0.9719
0.8220
0.5734
0.7284
0.8629
0.9658
0.8407
0.9530
0.2182
0.2326
0.0000
0.8610
0.9162
0.0000
0.5675
0.8580
0.8707
0.0000
0.7501
0.5113
0.6036
0.0000
0.0000
0.9559
0.9823
0.9330
0.9232
0.8801
0.8225
0.7372
0.8836
0.8412
0.8975
0.8171
0.7857
0.7515
0.8319
0.7509
0.7956
0.9564
0.8392
0.8313
0.7640
0.8532
0.8052
0.0000
0.8369
0.9480
0.8862
0.8770
0.9448
0.9445
0.9335
0.2531
0.0000
0.8273
0.9227
0.9156
0.8157
0.6936
0.7520
0.8046
0.7180
0.4545
0.4739
0.3981
0.1253
0.4701
0.7752
0.5144
0.6530
0.8266
0.8237
0.8090
0.5939
0.0312
0.8062
0.7003
0.7321
0.7764
0.8787
0.9518
0.9339
0.7931
0.9540
0.8835
0.7983
0.8558
0.8352
0.8891
0.7418
0.8945
0.9675
0.7079
0.9841
0.9411
0.9804
0.7237
0.7910
0.9689
0.8671
0.9714
0.9403
0.9374
0.4728
0.8423
0.9748
0.8588
0.9563
0.8945
0.8767
0.8448
0.9519
0.8924
0.9463
0.9238
0.4364
0.1352
0.4768
0.8910
0.8876
0.8600
0.8550
0.6447
0.4025
0.2745
0.0883
0.1625
0.5333
0.0000
0.0353
0.0542
0.0983
0.7869
0.0000
0.0362
0.0000
0.1857
0.6409
0.8334
0.8234
0.6822
0.6640
0.8570
0.8391
0.7851
0.1516
0.9504
0.9853
0.9663
0.9300
0.9591
0.8947
0.9741
0.0000
0.0000
0.8906
0.1455
0.9636
0.9837
0.9809
0.9242
0.9505
0.8891
0.9507
0.9269
0.8277
0.8600
0.0000
0.9796
0.9758
0.9520
0.9687
0.8800
0.9550
0.9214
0.9423
0.7752
0.8971
0.6463
0.0000
0.0000
0.9500
0.0000
0.0000
0.1421
0.0000
0.0000
0.0000
0.0000
0.0000
0.6632
0.0000
0.0000
0.0000
0.0000
0.0000
0.5832
0.0000
0.0000
0.0000
0.0000
0.0000
0.0000
0.0000
0.8262
0.5339
0.1493
0.8330
0.8023
0.7699
0.0000
0.9184
0.7621
0.0000
0.0000
0.0000
0.7235
0.6905
0.1156
0.2399
0.4133
0.4353
0.4872
0.5901
0.1619
0.4608
0.4692
0.5591
0.7160
0.5540
0.5056
0.0000
0.0321
0.1575
0.0323
0.0541
0.4595
0.3356
0.0000
0.6540
0.9187
0.8374
0.7183
0.9476
0.9312
0.8597
0.5566
0.1598
0.9770
0.9587
0.9459
0.5205
0.9803
0.8448
0.5609
0.6496
0.9034
0.9032
0.5867
0.8035
0.7929
0.0000
0.7707
0.5566
0.5089
0.9686
0.9397
0.6257
0.9747
0.9575
0.6786
0.0000
0.8612
0.8958
0.9720
0.9510
0.9746
0.9155
0.9560
0.9471
0.0000
0.9517
0.6972
0.8219
0.9561
0.8783
0.8864
0.8181
0.9511
0.8532
0.8163
0.8016
0.9307
0.7874
0.8575
0.7563
0.8500
0.9167
0.7772
0.8708
0.7782
0.5535
0.8534
0.4944
0.9289
0.9424
0.3426
0.9229
0.8369
0.8411
0.6526
0.8118
0.8543
0.9093
0.7422
0.7594
0.7832
0.8172
0.8233
0.6079
0.9202
0.5161
0.2437
0.0000
0.8297
0.9376
0.8731
0.6376
0.9574
0.9008
0.8714
0.4440
0.9207
0.9089
0.9038
0.3298
0.7934
0.7971
0.7669
0.0068
0.0055
0.6467
0.9551
0.9457
0.7156
0.7253
0.8076
0.8125
0.9233
0.8937
0.9263
0.8725
0.9053
0.9350
0.7726
0.9185
0.8626
0.9002
0.5970
0.9719
0.6030
0.0020
0.8212
0.8632
0.9565
0.2903
0.0000
0.0000
0.0000
0.6040
0.0000
0.9292
0.9062
0.8613
0.0000
0.0000
0.9110
0.8627
0.7867
0.9380
0.7722
0.9406
0.8944
0.8338
0.8676
0.8598
0.2560
0.9175
0.9573
0.8726
0.9332
0.7120
0.8671
0.0000
0.7879
0.8970
0.3831
0.1926
0.6934
0.0000
0.6500
0.4953
0.9659
0.7696
0.8967
0.8856
0.9169
0.9078
0.8231
0.8027
0.8179
0.7127
0.5581
0.5519
0.9397
0.8693
0.0000
0.8253
0.9060
0.8178
0.9242
0.9396
0.8841
0.6913
0.2617
0.5329
0.7579
0.6795
0.7412
0.0000
0.5007
0.4404
0.8692
0.0018
0.9611
0.0000
0.7962
0.7965
0.9326
0.8863
0.9761
0.7888
0.9776
0.9523
0.8436
0.9219
0.9355
0.8863
0.0000
0.8344
0.7044
0.0000
0.0000
0.9504
0.9494
0.4514
0.7484
0.7026
0.5327
0.0000
0.0000
0.2045
0.0000
0.2440
0.0076
0.3451
0.6335
0.8198
0.8764
0.8591
0.8708
0.7910
0.9257
0.9017
0.7330
0.7550
0.8441
0.9352
0.8694
0.7742
0.9163
0.8707
0.6603
0.9289
0.9324
0.9275
0.8852
0.9235
0.8021
0.6220
0.8289
0.8461
0.9248
0.8402
0.8205
0.0000
0.2658
0.0000
0.8941
0.9503
0.5484
0.9528
0.8110
0.9877
0.8594
0.6054
0.8809
0.9666
0.7760
0.7804
0.7051
0.9303
0.8856
0.9125
0.0000
0.6591
0.7441
0.9334
0.9597
0.9528
0.8425
0.0000
0.9839
0.7443
0.0488
0.7155
0.8540
0.5771
0.6029
0.6318
0.5413
0.8341
0.0000
0.0000
0.4811
0.8734
0.8797
0.7950
0.6547
0.8871
0.0000
0.8923
0.8591
0.0000
0.8496
0.8782
0.5497
0.0000
0.0000
0.8306
0.0000
0.4992
0.6511
0.5772
0.7485
0.9712
0.9731
0.7526
0.7958
0.9520
0.8332
0.7599
0.2594
0.8343
0.8379
0.2688
0.7271
0.0000
0.0941
0.7620
0.8476
0.8288
0.8965
0.9453
0.0612
0.9252
0.0516
0.6732
0.5513
0.7469
0.8243
0.0048
0.0345
0.0000
0.9803
0.5123
0.8855
0.9089
0.0930
0.9752
0.8624
0.8503
0.0373
0.9296
0.8398
0.9416
0.8980
0.6397
0.7899
0.0000
0.9545
0.8801
0.0000
0.0000
0.0000
0.8934
0.8313
0.6959
0.9474
0.8377
0.4666
0.4195
0.0220
0.8199
0.0798
0.9713
0.8744
0.8640
0.8900
0.9080
0.0000
0.8641
0.6722
0.6820
0.0000
0.0000
0.4611
0.7285
0.0000
0.7909
0.6130
0.0000
0.3964
0.0000
0.9435
0.0000
0.0000
0.0000
0.0000
0.7772
0.9022
0.5163
0.8877
0.0000
0.8324
0.9672
0.9229
0.0772
0.9607
0.9634
0.7790
0.6151
0.0773
0.9018
0.8531
0.0000
0.1245
0.9504
0.5307
0.0163
0.7992
0.7666
0.7570
0.9403
0.9508
0.8053
0.9283
0.8887
0.9162
0.6324
0.9742
0.9735
0.0000
0.9305
0.0000
0.0126
0.9195
0.0083
0.9240
0.5348
0.7121
0.0000
0.6544
0.0000
0.0000
0.0000
0.8863
0.7896
0.9097
0.9264
0.9081
0.9408
0.8564
0.8413
0.9831
0.9523
0.9781
0.0000
0.8103
0.9594
0.9531
0.9131
0.8026
0.7763
0.0000
0.0563
0.1260
0.7597
0.8210
0.0000
0.0135
0.8310
0.8774
0.7716
0.0000
0.0000
0.7421
0.8444
0.8550
0.0000
0.8372
0.0556
0.7645
0.8813
0.8901
0.8129
0.0000
0.0000
0.8996
0.8831
0.0000
0.0000
0.2365
0.8285
0.0000
0.9086
0.8525
0.8798
0.8969
0.9393
0.0000
0.0000
0.0000
0.0462
0.0692
0.0000
0.0000
0.0000
0.7776
0.7547
0.7140
0.4880
0.8078
0.0000
0.8949
0.0000
0.0000
0.9590
0.9462
0.8395
0.0000
0.5048
0.8754
0.9399
0.8384
0.0299
0.6919
0.9582
0.0000
0.0000
0.7746
0.0571
0.1198
0.6865
0.8613
0.5897
0.8031
0.8525
0.0175
0.0821
0.0000
0.8315
0.0177
0.9348
0.0705
0.9668
0.8879
0.7626
0.8746
0.8922
0.0865
0.0000
0.8037
0.9316
0.0000
0.7758
0.7493
0.7644
0.9097
0.6911
0.9630
0.0000
0.8865
0.8863
0.9123
0.8969
0.7096
0.7378
0.4123
0.0000
0.0000
0.0000
0.0849
0.8839
0.9107
0.0000
0.0000
0.6988
0.8339
0.0000
0.7619
0.8391
0.0000
0.8947
0.7052
0.6982
0.0000
0.9608
0.8677
0.0000
0.0000
0.7545
0.4425
0.0000
0.0000
0.0000
0.0000
0.9756
0.6480
0.0000
0.0000
0.8533
0.0229
0.0178
0.5272
0.6637
0.6507
0.0000
0.0000
0.0000
0.0000
0.9644
0.0000
0.0000
0.0000
0.0000
0.0000
0.5579
0.0000
0.8601
0.9157
0.8877
0.6605
0.0000
0.9738
0.9189
0.9194
0.8738
0.9828
0.9897
0.9634
0.8606
0.9838
0.7316
0.6105
0.9365
0.9532
0.8927
0.8929
0.8923
0.9200
0.8842
0.0000
0.0000
0.0000
0.0000
0.9289
0.9247
0.2033
0.5884
0.7225
0.8630
0.0011
0.0000
0.5132
0.7328
0.8030
0.3431
0.1488
0.0000
0.0000
0.8975
0.5451
0.0000
0.0000
0.0000
0.8815
0.9090
0.7267
0.8178
0.8519
0.8380
0.2363
0.0000
0.0000
0.0000
0.0000
0.3179
0.0000
0.0000
0.2973
0.0000
0.8250
0.0000
0.9662
0.9263
0.9578
0.7425
0.7801
0.0000
0.9747
0.8517
0.9344
0.0839
0.9581
0.0000
0.0000
0.7293
0.6018
0.4544
0.9092
0.7690
0.8332
0.1235
0.9453
0.0000
0.9107
0.0000
0.3589
0.0153
0.0000
0.1037
0.4839
0.8353
0.5867
0.0350
0.6909
0.8852
0.9209
0.9206
0.0000
0.8278
0.8878
0.8683
0.8625
0.0000
0.8891
0.6929
0.8226
0.8049
0.6603
0.9404
0.8855
0.0000
0.3464
0.9221
0.2141
0.7014
0.0000
0.0000
0.0000
0.0000
0.5882
0.8810
0.0486
0.0000
0.8257
0.7317
0.1509
0.6548
0.6671
0.4725
0.0000
0.6827
0.0000
0.5011
0.0000
0.0000
0.0000
0.0000
0.0000
0.0000
0.0000
0.0000
0.7645
0.0000
0.0000
0.0646
0.0946
0.0000
0.0000
0.5360
0.8270
0.8601
0.9435
0.7467
0.6283
0.9163
0.9533
