0.9033
0.0000
0.9734
0.8756
0.9304
0.9706
0.9421
0.8951
0.9134
0.7965
0.9158
0.9177
0.0663
0.9832
0.9525
0.9843
0.9444
0.9663
0.9708
0.9325
0.9624
0.9426
0.6323
0.1523
0.0000
0.9105
0.8722
0.9409
0.0000
0.0000
0.9236
0.8822
0.9330
0.9592
0.9766
0.8814
0.0000
0.8816
0.9680
0.0000
0.9741
0.9861
0.9686
0.9589
0.9663
0.9548
0.7468
0.8931
0.8460
0.0000
0.8140
0.9569
0.9044
0.4958
0.8665
0.9780
0.9738
0.8818
0.0000
0.9719
0.9862
0.0000
0.9748
0.8020
0.7691
0.9681
0.9407
0.8409
0.9929
0.0000
0.9051
0.8299
0.8824
0.9505
0.4831
0.0000
0.9524
0.9359
0.8801
0.9361
0.9140
0.9477
0.9776
0.9618
0.9508
0.9533
0.9033
0.9589
0.8811
0.8094
0.5000
0.9133
0.9462
0.9323
0.9166
0.9038
0.9357
0.9431
0.1667
0.9138
0.8510
0.6640
0.8806
0.0000
0.0000
0.9373
0.9616
0.8754
0.9673
0.9250
0.9190
0.9036
0.0275
0.9587
0.8780
0.8276
0.8191
0.9671
0.4516
0.9104
0.0000
0.5776
0.7411
0.8665
0.8055
0.8440
0.9198
0.8184
0.8850
0.8913
0.9265
0.9416
0.9368
0.8820
0.0000
0.0000
0.9596
0.9501
0.0134
0.0252
0.6085
0.8214
0.3772
0.9153
0.8635
0.8838
0.8787
0.9298
0.9401
0.9367
0.9244
0.0000
0.9696
0.0833
0.9688
0.0000
0.8571
0.7164
0.8134
0.8866
0.8725
0.9266
0.9458
0.8689
0.9633
0.9202
0.4202
0.9388
0.9589
0.9637
0.9647
0.9537
0.8138
0.8910
0.8244
0.9469
0.8792
0.8660
0.7871
0.9164
0.0568
0.9006
0.2144
0.9466
0.9567
0.9790
0.9851
0.9776
0.9732
0.9805
0.9847
0.9720
0.9728
0.9152
0.9698
0.8822
0.9281
0.8755
0.3528
0.9481
0.9386
0.9131
0.8969
0.8655
0.9385
0.0000
0.8200
0.9056
0.8680
0.8945
0.9372
0.9852
0.9798
0.9697
0.9747
0.9627
0.9777
0.9458
0.9162
0.9669
0.9037
0.9388
0.8622
0.8393
0.4835
0.0333
0.0000
0.9325
0.8340
0.9174
0.0000
0.0000
0.9200
0.9316
0.9562
0.9353
0.9825
0.9600
0.9640
0.9455
0.9496
0.9517
0.0000
0.0000
0.9283
0.3636
0.0000
0.0000
0.8197
0.0299
0.7878
0.9239
0.7961
0.9753
0.1476
0.0000
0.9629
0.9047
0.8582
0.6316
0.0000
0.0000
0.0000
0.7409
0.9720
0.9290
0.0000
0.8953
0.0000
0.2500
0.4400
0.3083
0.8520
0.4815
0.2273
0.8499
0.9408
0.9283
0.8883
0.9344
0.9326
0.9410
0.9837
0.9619
0.9629
0.9496
0.9513
0.9498
0.9603
0.9582
0.9574
0.9447
0.0000
0.8854
0.8086
0.7782
0.8063
0.8744
0.9559
0.9080
0.7500
0.8468
0.8322
0.8434
0.9303
0.9093
0.9256
0.9267
0.8378
0.8506
0.8778
0.8709
0.8547
0.9095
0.8928
0.9154
0.9731
0.9055
0.9103
0.0031
0.9598
0.9393
0.9328
0.9696
0.9676
0.9624
0.8994
0.9586
0.9148
0.8996
0.9385
0.9588
0.9727
0.9422
0.9098
0.0498
0.8835
0.9699
0.0000
0.7617
0.8634
0.7755
0.7731
0.9108
0.9512
0.9318
0.9350
0.9670
0.9715
0.9807
0.8612
0.8762
0.0000
0.0000
0.9731
0.0000
0.0000
0.0000
0.9481
0.8720
0.9668
0.9813
0.9650
0.9187
0.7782
0.8820
0.0000
0.7530
0.8388
0.9234
0.0000
0.9341
0.7926
0.9075
0.0000
0.3590
0.8195
0.8716
0.9641
0.9250
0.9674
0.9679
0.0000
0.1034
0.0000
0.8279
0.9525
0.8782
0.0000
0.9925
0.9457
0.9549
0.9388
0.9402
0.9718
0.8918
0.9561
0.0000
0.0000
0.0000
0.8932
0.8779
0.0000
0.0000
0.0000
0.0000
0.0000
0.0000
0.8961
0.8095
0.9526
0.9724
0.9527
0.9780
0.9603
0.8586
0.8401
0.7342
0.7500
0.8252
0.8622
0.8520
0.8707
0.7115
0.9351
0.8820
0.9630
0.9723
0.9483
0.7584
0.7361
0.7947
0.7991
0.9548
0.0000
0.7250
0.9027
0.0000
0.8854
0.9399
0.9177
0.0000
0.9879
0.9894
0.0000
0.9883
0.8511
0.7629
0.9769
0.9766
0.8926
0.9552
0.9333
0.0000
0.8975
0.8943
0.7101
0.0000
0.0909
0.0833
0.9543
0.0000
0.9583
0.9617
0.9446
0.9272
0.8909
0.9581
0.9636
0.9597
0.9418
0.9369
0.9533
0.9531
0.9043
0.9346
0.9364
0.9670
0.9608
0.8953
0.9004
0.9151
0.9055
0.9162
0.0000
0.7320
0.9725
0.9505
0.8148
0.8050
0.8967
0.7443
0.7898
0.9150
0.9368
0.9287
0.9555
0.9398
0.9037
0.9064
0.9085
0.8917
0.0000
0.9573
0.9129
0.9575
0.9246
0.9603
0.9596
0.9418
0.9577
0.8371
0.8165
0.0000
0.0053
0.0000
0.3459
0.0000
0.0000
0.0000
0.0000
0.8196
0.0385
0.9348
0.0000
0.1538
0.0753
0.1060
0.7258
0.6270
0.7813
0.9558
0.7957
0.0000
0.0000
0.0000
0.9009
0.0000
0.0394
0.9903
0.8525
0.9322
0.8859
0.8838
0.9235
0.8744
0.8869
0.0000
0.0000
0.7808
0.9461
0.0000
0.9933
0.9317
0.0627
0.8565
0.8835
0.9564
0.0000
0.8990
0.0000
0.0000
0.0000
0.0303
0.0179
0.0000
0.0000
0.2097
0.9211
0.9351
0.9474
0.9623
0.9724
0.9720
0.0000
0.9731
0.0000
0.0507
0.1745
0.0000
0.0000
0.0000
0.8216
0.5862
0.1940
0.0000
0.3947
0.2256
0.0108
0.0000
0.1538
0.2713
0.4350
0.2800
0.9806
0.9382
0.0987
0.4922
0.7560
0.0000
0.6815
0.5944
0.4000
0.2445
0.2818
0.8609
0.0000
0.2182
0.4122
0.1623
0.3017
0.0364
0.0000
0.7597
0.7249
0.3636
0.4273
0.3727
0.4248
0.2754
0.8536
0.0000
0.7261
0.8489
0.7588
0.0000
0.0000
0.8883
0.8480
0.6704
0.6352
0.9733
0.8309
0.8814
0.9039
0.9209
0.7800
0.9414
0.9154
0.9359
0.9578
0.9484
0.9604
0.9536
0.9748
0.8783
0.7922
0.9621
0.9110
0.9348
0.9903
0.9724
0.8675
0.9646
0.9652
0.0805
0.9690
0.9674
0.8895
0.8921
0.9772
0.9363
0.9584
0.9723
0.9732
0.9898
0.9818
0.9569
0.9714
0.9346
0.9794
0.9835
0.9895
0.9457
0.9429
0.0000
0.2437
0.9518
0.9834
0.9860
0.0000
0.0940
0.9788
0.9652
0.6689
0.7264
0.2340
0.9694
0.0000
0.0000
0.9752
0.8801
0.7117
0.8546
0.8522
0.8352
0.5556
0.5664
0.9371
0.0000
0.9422
0.9880
0.6458
0.7807
0.7353
0.7875
0.9138
0.8019
0.9830
0.9898
0.9680
0.0000
0.8235
0.7000
0.9021
0.9565
0.9726
0.9639
0.9745
0.7574
0.8307
0.0000
0.9789
0.9793
0.9807
0.9713
0.9890
0.7451
0.9259
0.8235
0.6212
0.8045
0.8899
0.7645
0.7679
0.9745
0.9617
0.0000
0.8635
0.9781
0.9689
0.0000
0.9148
0.9763
0.9943
0.9734
0.9301
0.9556
0.9569
0.9720
0.9316
0.9511
0.9246
0.9880
0.9659
0.9749
0.9593
0.8552
0.9509
0.9857
0.9783
0.9796
0.9495
0.8913
0.9268
0.9125
0.9742
0.9443
0.9852
0.5437
0.7534
0.0000
0.9612
0.9347
0.0000
0.8383
0.9387
0.9192
0.0000
0.8899
0.5788
0.6989
0.0000
0.0000
0.9708
0.9920
0.9812
0.9736
0.9318
0.9566
0.9363
0.8665
0.9540
0.9385
0.9498
0.9403
0.8556
0.9558
0.9140
0.9009
0.9702
0.9366
0.9066
0.8174
0.9047
0.9051
0.0000
0.9628
0.9762
0.9778
0.9707
0.9864
0.9757
0.9768
0.8919
0.0000
0.9876
0.9880
0.9859
0.9836
0.9626
0.9607
0.9782
0.9504
0.9336
0.8846
0.8897
0.5776
0.8497
0.8548
0.7346
0.8764
0.9308
0.9556
0.9489
0.8992
0.1098
0.8972
0.8757
0.8903
0.8532
0.8833
0.9792
0.9819
0.9242
0.9807
0.9462
0.9504
0.9353
0.9336
0.9546
0.9569
0.9480
0.9707
0.8558
0.9845
0.9659
0.9804
0.9200
0.9403
0.9799
0.9538
0.9791
0.9652
0.9605
0.7849
0.8869
0.9535
0.9423
0.9468
0.9554
0.9523
0.8615
0.9732
0.9509
0.9710
0.9790
0.5742
0.1913
0.7271
0.9666
0.9744
0.9300
0.9518
0.9030
0.6908
0.7816
0.4333
0.4994
0.8563
0.0000
0.2357
0.4337
0.2011
0.9058
0.0000
0.0866
0.0000
0.4333
0.8912
0.9482
0.8727
0.8010
0.9093
0.9522
0.9125
0.9497
0.3776
0.9835
0.9873
0.9670
0.9586
0.9748
0.9688
0.9795
0.0000
0.0000
0.9327
0.2162
0.9902
0.9920
0.9901
0.9725
0.9728
0.9733
0.9685
0.9817
0.8638
0.9616
0.0000
0.9836
0.9784
0.9579
0.9665
0.9854
0.9657
0.9864
0.9738
0.9094
0.9327
0.8482
0.0000
0.0000
0.9854
0.0000
0.0000
0.1628
0.0000
0.0000
0.0000
0.0000
0.0000
0.9913
0.0000
0.0000
0.0000
0.0000
0.0000
0.9689
0.0000
0.0000
0.0000
0.0000
0.0000
0.0000
0.0000
0.9564
0.9336
0.2389
0.9303
0.9200
0.9297
0.0000
0.9494
0.9098
0.0000
0.0000
0.0000
0.9128
0.8956
0.1659
0.6033
0.8939
0.8585
0.9455
0.8486
0.8145
0.8060
0.8670
0.9220
0.9200
0.9255
0.8848
0.0000
0.0429
0.3050
0.3125
0.3788
0.8289
0.6637
0.0000
0.8915
0.9690
0.9643
0.9470
0.9746
0.9648
0.9700
0.9452
0.4684
0.9885
0.9813
0.9736
0.9158
0.9883
0.9781
0.8368
0.9104
0.9742
0.9608
0.7372
0.9235
0.9691
0.0000
0.9695
0.9315
0.8659
0.9830
0.9735
0.8542
0.9809
0.9723
0.8725
0.0000
0.9459
0.9632
0.9876
0.9855
0.9875
0.9555
0.9731
0.9615
0.0000
0.9924
0.9245
0.9452
0.9751
0.9434
0.9351
0.9252
0.9811
0.9405
0.9508
0.9459
0.9620
0.8807
0.9385
0.8959
0.9507
0.9617
0.9247
0.9401
0.9075
0.7694
0.9352
0.7605
0.9586
0.9690
0.7130
0.9556
0.9303
0.9319
0.8849
0.9548
0.9442
0.9507
0.9052
0.8906
0.8653
0.9120
0.9647
0.8657
0.9293
0.6557
0.6374
0.0000
0.9548
0.9859
0.8550
0.8749
0.9717
0.9269
0.9683
0.7622
0.9696
0.9677
0.9665
0.7045
0.9024
0.9925
0.9019
0.0167
0.0208
0.8068
0.9738
0.9646
0.9242
0.8877
0.9455
0.9445
0.9492
0.9424
0.9691
0.9666
0.9628
0.9772
0.9349
0.9579
0.9632
0.9563
0.8717
0.9833
0.8237
0.0097
0.9389
0.9426
0.9708
0.5814
0.0000
0.0000
0.0000
0.7467
0.0000
0.9623
0.9548
0.8551
0.0000
0.0000
0.9513
0.9391
0.9383
0.9580
0.9113
0.9659
0.9544
0.9410
0.9040
0.9086
0.6041
0.9764
0.9669
0.9344
0.9582
0.8987
0.9229
0.0000
0.9092
0.9180
0.8988
0.7075
0.8514
0.0000
0.8351
0.9060
0.9582
0.8580
0.9220
0.9455
0.9660
0.9333
0.9582
0.9405
0.9551
0.9404
0.8141
0.9267
0.9726
0.9202
0.0000
0.9080
0.9314
0.9328
0.9648
0.9707
0.9597
0.8779
0.6072
0.8258
0.8773
0.7500
0.9206
0.0000
0.7365
0.6191
0.9669
0.0108
0.9655
0.0000
0.9039
0.8759
0.9493
0.9341
0.9900
0.8856
0.9793
0.9786
0.9296
0.9668
0.9699
0.9306
0.0000
0.9242
0.9105
0.0000
0.0000
0.9671
0.9494
0.7242
0.8945
0.9048
0.7888
0.0000
0.0000
0.5401
0.0000
0.5980
0.1220
0.5356
0.8487
0.9015
0.9469
0.9371
0.9609
0.8938
0.9565
0.9577
0.8758
0.8571
0.9205
0.9455
0.9319
0.9235
0.9681
0.9785
0.8875
0.9674
0.9674
0.9724
0.9605
0.9832
0.9007
0.8179
0.9305
0.9442
0.9688
0.9681
0.9477
0.0000
0.6136
0.0000
0.9652
0.9841
0.8636
0.9736
0.8625
0.9887
0.9641
0.8473
0.9154
0.9839
0.8998
0.9286
0.8818
0.9667
0.9704
0.9709
0.0000
0.8935
0.9426
0.9543
0.9758
0.9673
0.9405
0.0000
0.9748
0.8879
0.1875
0.8712
0.9395
0.8158
0.8635
0.8523
0.7825
0.9026
0.0000
0.0000
0.7166
0.9699
0.9605
0.9427
0.9336
0.9627
0.0000
0.9582
0.8696
0.0000
0.9448
0.9331
0.7608
0.0000
0.0000
0.9299
0.0000
0.7564
0.7702
0.7836
0.8441
0.9842
0.9775
0.8661
0.8980
0.9827
0.9546
0.9360
0.4644
0.9590
0.9166
0.4326
0.8715
0.0000
0.3121
0.8398
0.9055
0.9672
0.9487
0.9719
0.1295
0.9673
0.2228
0.8864
0.7599
0.9053
0.9406
0.0169
0.0586
0.0000
0.9855
0.7759
0.9476
0.9643
0.4409
0.9896
0.9466
0.9145
0.1126
0.9394
0.9086
0.9522
0.9586
0.9270
0.9312
0.0000
0.9660
0.9472
0.0000
0.0000
0.0000
0.9360
0.9353
0.8775
0.9852
0.9190
0.7260
0.7279
0.0928
0.9350
0.2619
0.9674
0.9611
0.9356
0.9819
0.9627
0.0000
0.9660
0.9261
0.9809
0.0000
0.0000
0.8655
0.9721
0.0000
0.9655
0.9579
0.0000
0.9089
0.0000
0.9762
0.0000
0.0000
0.0000
0.0000
0.8406
0.9903
0.8218
0.9483
0.0000
0.9420
0.9876
0.9834
0.3030
0.9946
0.9522
0.9129
0.8447
0.2698
0.9498
0.9509
0.0000
0.8597
0.9757
0.8306
0.2857
0.8481
0.8869
0.9375
0.9827
0.9759
0.9235
0.9614
0.9580
0.9791
0.7274
0.9853
0.9788
0.0000
0.9796
0.0000
0.4545
0.9640
1.0000
0.9412
0.7964
0.8282
0.0000
0.8876
0.0000
0.0000
0.0000
0.9662
0.9466
0.9654
0.9794
0.9663
0.9616
0.9567
0.9555
0.9904
0.9830
0.9915
0.0000
0.9101
0.9730
0.9812
0.9870
0.9367
0.8973
0.0000
0.7308
0.5299
0.8756
0.9668
0.0000
0.0238
0.8904
0.9819
0.9172
0.0000
0.0000
0.9533
0.9785
0.9687
0.0000
0.9620
0.2048
0.9089
0.9413
0.9842
0.9330
0.0000
0.0000
0.9765
0.9794
0.0000
0.0000
0.5273
0.9626
0.0000
0.9647
0.9623
0.8987
0.9331
0.9184
0.0000
0.0000
0.0000
0.1402
0.1818
0.0000
0.0000
0.0000
0.9384
0.8531
0.8785
0.6846
0.9165
0.0000
0.9564
0.0000
0.0000
0.9717
0.9837
0.9265
0.0000
0.6589
0.9220
0.9514
0.9287
0.0403
0.8659
0.9852
0.0000
0.0000
0.8735
0.2406
0.3320
0.7864
0.9463
0.8005
0.8918
0.9338
0.0484
0.3725
0.0000
0.9382
0.1005
0.9663
0.2199
0.9815
0.9845
0.9298
0.9150
0.9773
0.2865
0.0000
0.9021
0.9606
0.0000
0.8836
0.8914
0.9510
0.9711
0.9503
0.9900
0.0000
0.9199
0.9567
0.9613
0.9773
0.9858
0.8384
0.5281
0.0000
0.0000
0.0000
0.2531
0.9841
0.9831
0.0000
0.0000
0.9503
0.9655
0.0000
0.9178
0.8647
0.0000
0.9250
0.8295
0.8709
0.0000
0.9933
0.9042
0.0000
0.0000
0.8498
0.8889
0.0000
0.0000
0.0000
0.0000
0.9841
0.8784
0.0000
0.0000
0.9415
0.1772
0.3165
0.8289
0.8964
0.9303
0.0000
0.0000
0.0000
0.0000
0.9623
0.0000
0.0000
0.0000
0.0000
0.0000
0.6817
0.0000
0.9429
0.9410
0.9517
0.9225
0.0000
0.9909
0.9417
0.9727
0.9491
0.9851
0.9916
0.9694
0.9568
0.9900
0.9044
0.8215
0.9769
0.9900
0.9651
0.9569
0.9648
0.9518
0.9704
0.0000
0.0000
0.0000
0.0000
0.9749
0.9741
0.4032
0.8748
0.8800
0.9522
0.0068
0.0000
0.7958
0.9249
0.8337
0.5945
0.5028
0.0000
0.0000
0.9384
0.8164
0.0000
0.0000
0.0000
0.9523
0.9610
0.8731
0.8881
0.9456
0.8670
0.2755
0.0000
0.0000
0.0000
0.0000
0.3576
0.0000
0.0000
0.4698
0.0000
0.9350
0.0000
0.9831
0.9900
0.9924
0.9084
0.9076
0.0000
0.9688
0.9163
0.9416
0.4332
0.9790
0.0000
0.0000
0.9475
0.8718
0.8475
0.8857
0.8933
0.9319
0.2081
0.9748
0.0000
0.9797
0.0000
0.5418
0.0787
0.0000
0.1771
0.7955
0.8827
0.8185
0.0722
0.9014
0.9448
0.9664
0.9674
0.0000
0.9271
0.9573
0.9284
0.9304
0.0000
0.9330
0.8671
0.9729
0.9449
0.9024
0.9836
0.9422
0.0000
0.4721
0.9653
0.5076
0.9105
0.0000
0.0000
0.0000
0.0000
0.8629
0.9230
0.5170
0.0000
0.8799
0.9523
0.2020
0.7484
0.6891
0.5883
0.0000
0.8056
0.0000
0.7391
0.0000
0.0000
0.0000
0.0000
0.0000
0.0000
0.0000
0.0000
0.9198
0.0000
0.0000
0.1753
0.1173
0.0000
0.0000
0.7821
0.9297
0.9591
0.9462
0.8455
0.7346
0.9281
0.9672
