0.2234
0.0370
0.3162
0.0772
0.1178
0.2380
0.2244
0.0820
0.0762
0.0924
0.2138
0.1166
0.0664
0.1192
0.2696
0.3188
0.4206
0.3742
0.2668
0.0770
0.1914
0.1846
0.0582
0.0394
0.0458
0.0514
0.1540
0.0406
0.0468
0.0212
0.2278
0.0696
0.1462
0.0686
0.2564
0.0944
0.0078
0.2382
0.0876
0.0512
0.1702
0.3174
0.4332
0.1850
0.2078
0.1150
0.0616
0.1010
0.0792
0.0000
0.1892
0.2596
0.1758
0.0480
0.1468
0.5544
0.4726
0.1184
0.0002
0.3992
0.1450
0.0202
0.3178
0.1202
0.1308
0.1818
0.2696
0.2350
0.1122
0.0238
0.1096
0.2246
0.1650
0.3476
0.0356
0.0460
0.1724
0.1872
0.0834
0.2598
0.2952
0.5122
0.4728
0.4340
0.3940
0.3682
0.1808
0.4090
0.1900
0.0682
0.0564
0.0854
0.2046
0.1358
0.1678
0.0790
0.2458
0.0562
0.0132
0.1926
0.1624
0.1232
0.0888
0.0154
0.0232
0.1564
0.3388
0.0928
0.4156
0.2880
0.2396
0.1494
0.0510
0.1742
0.1082
0.0522
0.0940
0.1276
0.0806
0.1294
0.0242
0.0786
0.1012
0.0824
0.0802
0.1872
0.2518
0.1530
0.3862
0.1748
0.2068
0.2536
0.3796
0.1492
0.0106
0.0034
0.3664
0.1682
0.0298
0.1032
0.0378
0.0728
0.0334
0.0826
0.1040
0.1156
0.2242
0.2164
0.3138
0.1232
0.1640
0.0678
0.5006
0.1128
0.2500
0.0194
0.0630
0.0402
0.0568
0.1922
0.1694
0.2234
0.2692
0.2960
0.3756
0.1328
0.0652
0.1176
0.1412
0.2752
0.2718
0.3632
0.1762
0.1706
0.1230
0.3656
0.1540
0.0418
0.0404
0.2130
0.0458
0.2174
0.0914
0.2846
0.4154
0.3422
0.4292
0.4918
0.3288
0.3378
0.4590
0.4568
0.4558
0.0700
0.4896
0.3108
0.2476
0.1366
0.0686
0.1656
0.2086
0.1588
0.2386
0.1844
0.3056
0.0224
0.0822
0.1546
0.0682
0.1952
0.2928
0.4466
0.4852
0.4890
0.4352
0.3326
0.3138
0.3102
0.3008
0.3870
0.1427
0.4540
0.2308
0.0896
0.0364
0.0480
0.0364
0.2816
0.1024
0.1622
0.0070
0.0174
0.1350
0.1286
0.3564
0.3090
0.2516
0.2348
0.2554
0.2604
0.1796
0.2816
0.0216
0.0230
0.0446
0.0330
0.0060
0.0312
0.1098
0.0402
0.1668
0.2522
0.1442
0.2592
0.0542
0.0278
0.1670
0.0902
0.1340
0.0152
0.0008
0.0020
0.0108
0.1706
0.4858
0.0958
0.0278
0.1032
0.0396
0.0160
0.0150
0.0240
0.1176
0.0486
0.0220
0.1666
0.1520
0.2568
0.2328
0.2714
0.2672
0.2646
0.0858
0.2154
0.1599
0.3296
0.2096
0.1474
0.0956
0.0670
0.1782
0.2494
0.0216
0.1676
0.2194
0.2516
0.1910
0.3296
0.3768
0.3370
0.1584
0.1580
0.1144
0.1852
0.2640
0.1896
0.3200
0.1364
0.1948
0.1848
0.3976
0.3934
0.3248
0.4420
0.2332
0.3002
0.4464
0.2348
0.2230
0.0642
0.1394
0.1648
0.2204
0.3810
0.5242
0.4942
0.1955
0.5172
0.1854
0.1554
0.2310
0.3638
0.4330
0.1072
0.1686
0.0442
0.1974
0.5122
0.0380
0.0940
0.0732
0.1060
0.1428
0.0942
0.2748
0.2696
0.3536
0.5638
0.3796
0.1662
0.0850
0.2520
0.0280
0.0224
0.2752
0.0126
0.0140
0.0134
0.2428
0.1812
0.4092
0.1924
0.1658
0.0418
0.0532
0.0966
0.0092
0.1012
0.0546
0.1592
0.0420
0.2124
0.0974
0.0584
0.0578
0.0752
0.1684
0.0810
0.0836
0.0720
0.1166
0.1868
0.0016
0.0522
0.0176
0.1046
0.0758
0.0542
0.0262
0.1062
0.1178
0.2304
0.2188
0.2274
0.3406
0.1312
0.1640
0.0102
0.0110
0.0018
0.0824
0.0934
0.0154
0.0078
0.0058
0.0032
0.0126
0.0184
0.0712
0.0504
0.1814
0.1954
0.3256
0.1705
0.3372
0.2630
0.1076
0.1106
0.0776
0.1716
0.2134
0.2068
0.3650
0.1858
0.1848
0.0610
0.2162
0.1446
0.1160
0.1846
0.2448
0.2192
0.1802
0.1594
0.0386
0.1200
0.0596
0.0888
0.4118
0.2198
0.1822
0.0914
0.3808
0.3008
0.0000
0.3256
0.0806
0.0582
0.1730
0.0768
0.2626
0.0804
0.1618
0.0070
0.1268
0.1268
0.1028
0.0080
0.0044
0.0144
0.3236
0.0160
0.1728
0.3914
0.3322
0.2198
0.3592
0.2102
0.3406
0.2234
0.4126
0.5036
0.2956
0.4224
0.2048
0.4498
0.4966
0.3822
0.5312
0.2292
0.3976
0.4264
0.3450
0.4680
0.0000
0.0776
0.1092
0.2426
0.0702
0.0564
0.0658
0.0962
0.2160
0.0612
0.3008
0.3480
0.3820
0.4418
0.2306
0.1090
0.1442
0.2180
0.0246
0.2672
0.1102
0.3250
0.2070
0.2068
0.2164
0.2026
0.2222
0.0528
0.0316
0.0028
0.0376
0.0592
0.0266
0.0140
0.0128
0.0304
0.0092
0.0510
0.0104
0.0890
0.0074
0.0052
0.0186
0.0302
0.0496
0.0370
0.0942
0.1492
0.0656
0.0346
0.0036
0.0034
0.0464
0.0248
0.0254
0.6582
0.0244
0.1476
0.0666
0.1928
0.3138
0.3408
0.2724
0.0054
0.0158
0.0584
0.0408
0.0086
0.6312
0.0498
0.0510
0.0460
0.1992
0.2934
0.0054
0.0416
0.0210
0.0018
0.0010
0.0066
0.0112
0.0000
0.0026
0.0124
0.1116
0.2094
0.0836
0.1910
0.1668
0.3784
0.0294
0.1488
0.0150
0.0986
0.0848
0.0170
0.0402
0.0280
0.0796
0.0232
0.0134
0.0130
0.0228
0.0390
0.0186
0.0158
0.0130
0.0258
0.0446
0.0050
0.3410
0.0550
0.0446
0.0386
0.1590
0.0692
0.0628
0.0858
0.0640
0.0638
0.0660
0.0604
0.0098
0.0330
0.0262
0.0382
0.0590
0.0220
0.0110
0.1648
0.1534
0.1320
0.0922
0.1100
0.0838
0.1242
0.1366
0.0106
0.1044
0.2370
0.2778
0.0328
0.0008
0.1504
0.1474
0.0540
0.0806
0.1572
0.2058
0.2058
0.2206
0.2300
0.1118
0.1878
0.3404
0.3902
0.4028
0.2094
0.1516
0.1982
0.1110
0.0822
0.1598
0.2270
0.3282
0.3926
0.5770
0.3846
0.1238
0.5202
0.2242
0.0348
0.1740
0.1780
0.2824
0.3706
0.1488
0.1946
0.3994
0.3174
0.0746
0.6496
0.3398
0.4088
0.4542
0.2294
0.3016
0.2302
0.5544
0.1842
0.1016
0.0022
0.0320
0.3192
0.5674
0.6592
0.0142
0.0234
0.7062
0.2066
0.0592
0.0636
0.0470
0.0720
0.0262
0.0544
0.6924
0.0584
0.0666
0.0798
0.0920
0.0898
0.0162
0.0286
0.4136
0.0624
0.3426
0.6508
0.0542
0.0830
0.0612
0.0706
0.0882
0.0212
0.1886
0.0590
0.0688
0.0214
0.0884
0.0820
0.0674
0.0598
0.1240
0.0664
0.1566
0.1088
0.0626
0.0316
0.3122
0.2314
0.0414
0.2092
0.2366
0.0714
0.1106
0.0646
0.0396
0.0440
0.1144
0.0722
0.0336
0.3220
0.0992
0.0464
0.3444
0.2654
0.2440
0.0316
0.1268
0.5742
0.3852
0.3980
0.1946
0.1082
0.4080
0.3720
0.1870
0.3478
0.4216
0.3678
0.2754
0.3750
0.2258
0.3274
0.2890
0.3774
0.2212
0.4028
0.2140
0.1288
0.3004
0.1600
0.4344
0.0682
0.2840
0.1236
0.0738
0.0158
0.4072
0.2082
0.0608
0.0742
0.3000
0.1758
0.0342
0.2996
0.1638
0.1634
0.0018
0.0014
0.3078
0.4488
0.7040
0.1210
0.2758
0.2674
0.1696
0.2068
0.2698
0.2538
0.2710
0.2378
0.2354
0.3034
0.1814
0.2826
0.3756
0.2430
0.2228
0.1402
0.1490
0.1096
0.1088
0.4190
0.5458
0.4682
0.5316
0.6490
0.5020
0.4142
0.1942
0.0110
0.1940
0.2128
0.1562
0.2196
0.0588
0.2190
0.4958
0.2218
0.2954
0.2564
0.2248
0.0980
0.2648
0.2920
0.0874
0.1052
0.1966
0.6308
0.6260
0.4228
0.0164
0.0992
0.2172
0.3026
0.3134
0.3804
0.4996
0.2646
0.3616
0.5080
0.4088
0.5522
0.2564
0.3766
0.4318
0.3296
0.3272
0.5398
0.3426
0.5296
0.3872
0.5196
0.5102
0.3116
0.5980
0.2682
0.6040
0.4540
0.5364
0.2278
0.2458
0.2838
0.1110
0.2822
0.6958
0.5284
0.3754
0.4110
0.1954
0.4352
0.3814
0.0418
0.0554
0.0960
0.1556
0.1248
0.1572
0.1784
0.2062
0.2510
0.1438
0.0600
0.1554
0.3270
0.0178
0.0280
0.0166
0.0736
0.1614
0.0230
0.0254
0.0124
0.0240
0.3554
0.5264
0.3426
0.0650
0.0904
0.2052
0.1600
0.2824
0.0196
0.3927
0.4496
0.3309
0.2736
0.4643
0.3111
0.1074
0.0206
0.0106
0.1694
0.0148
0.5656
0.4769
0.4560
0.3528
0.5507
0.2808
0.2032
0.1962
0.0734
0.3334
0.0372
0.7610
0.4057
0.2758
0.2184
0.3150
0.4049
0.2240
0.3050
0.0508
0.1633
0.0672
0.0294
0.0104
0.3008
0.0571
0.0002
0.1113
0.0492
0.0044
0.0000
0.0197
0.0000
0.1148
0.0078
0.0018
0.0196
0.0262
0.0000
0.1092
0.0050
0.0004
0.0014
0.0056
0.0002
0.0012
0.0078
0.2386
0.1266
0.0586
0.1203
0.2276
0.1166
0.0210
0.1896
0.1486
0.0464
0.0016
0.0000
0.0642
0.0862
0.0410
0.0610
0.1206
0.1300
0.1248
0.2100
0.0496
0.1340
0.1158
0.1590
0.0800
0.1396
0.0712
0.0142
0.0280
0.0282
0.0064
0.0132
0.1122
0.0452
0.0016
0.0848
0.1096
0.1346
0.5250
0.6388
0.6084
0.5734
0.2590
0.1076
0.6954
0.6616
0.5996
0.1638
0.7546
0.2370
0.2708
0.3974
0.4418
0.6078
0.1294
0.3844
0.2204
0.0822
0.1900
0.2364
0.2982
0.4828
0.6342
0.1632
0.6600
0.6490
0.3044
0.0002
0.1404
0.1326
0.5668
0.5948
0.3032
0.2246
0.2904
0.3690
0.0014
0.3178
0.3710
0.5840
0.4734
0.3214
0.3420
0.4092
0.5596
0.5748
0.1178
0.4288
0.5362
0.2800
0.2308
0.4552
0.4588
0.4598
0.5976
0.3872
0.3696
0.1856
0.3212
0.1862
0.3378
0.5608
0.2272
0.5764
0.2670
0.2056
0.2102
0.4156
0.4694
0.5844
0.5336
0.2212
0.1336
0.2500
0.5602
0.3768
0.1216
0.0488
0.0364
0.0970
0.0796
0.0854
0.1062
0.1870
0.1202
0.1176
0.0882
0.0614
0.2372
0.2228
0.1614
0.0264
0.2868
0.1338
0.2466
0.0240
0.0192
0.1656
0.3976
0.3104
0.2690
0.2814
0.2460
0.2524
0.4412
0.4516
0.4202
0.4248
0.4410
0.5356
0.3686
0.5742
0.2986
0.4624
0.1808
0.2880
0.1826
0.0412
0.3208
0.3762
0.4798
0.1610
0.0096
0.0056
0.0254
0.1050
0.0366
0.5732
0.4252
0.0828
0.0120
0.0546
0.1808
0.3774
0.3664
0.2714
0.1488
0.6268
0.4652
0.2676
0.3292
0.1728
0.1374
0.5080
0.2782
0.3050
0.2538
0.3218
0.4412
0.0876
0.1234
0.4612
0.2254
0.0848
0.1036
0.0478
0.1686
0.3828
0.4022
0.4212
0.3334
0.3374
0.4178
0.2700
0.3302
0.2050
0.2360
0.2248
0.1474
0.3166
0.3720
0.3786
0.0176
0.3652
0.3496
0.3542
0.4370
0.2596
0.2432
0.2490
0.1492
0.1630
0.1206
0.1464
0.2116
0.0316
0.1040
0.2174
0.1086
0.0186
0.0870
0.0100
0.0458
0.0822
0.0670
0.4888
0.2390
0.2168
0.6956
0.2900
0.2982
0.2468
0.2990
0.2564
0.0442
0.2454
0.1900
0.0226
0.0138
0.4674
0.1856
0.1552
0.3186
0.2940
0.1610
0.0440
0.0016
0.0574
0.0202
0.0816
0.0082
0.1460
0.2326
0.3330
0.4330
0.2290
0.3324
0.3370
0.4326
0.4350
0.4784
0.3624
0.3448
0.3448
0.4144
0.4002
0.2444
0.1858
0.1564
0.2946
0.3624
0.4132
0.2584
0.3092
0.1530
0.0692
0.4258
0.4192
0.4166
0.3508
0.5046
0.0010
0.1496
0.0170
0.3674
0.5402
0.1246
0.5604
0.3782
0.3894
0.3956
0.2488
0.3168
0.5946
0.1656
0.3728
0.1692
0.4142
0.2904
0.2062
0.0164
0.2216
0.2720
0.1968
0.4538
0.4716
0.2252
0.0080
0.2384
0.2800
0.0128
0.2344
0.1918
0.0532
0.3326
0.2952
0.0754
0.3900
0.0002
0.0000
0.2202
0.4978
0.3442
0.0872
0.1718
0.1126
0.0426
0.3304
0.1472
0.0190
0.3336
0.1406
0.1062
0.0212
0.0014
0.5620
0.0318
0.1560
0.1958
0.0878
0.1834
0.4940
0.0444
0.3464
0.2256
0.4516
0.2994
0.1562
0.1546
0.2636
0.4174
0.0430
0.1914
0.0228
0.0628
0.2410
0.2518
0.1462
0.4090
0.0924
0.0896
0.1406
0.0368
0.2236
0.0608
0.1584
0.2224
0.0236
0.0546
0.0764
0.6054
0.2044
0.4654
0.5938
0.0558
0.4614
0.3296
0.1006
0.0444
0.2080
0.2342
0.3894
0.2608
0.2248
0.4070
0.0004
0.5174
0.4090
0.0000
0.0068
0.0006
0.1468
0.1854
0.2384
0.5268
0.4718
0.2022
0.1382
0.0388
0.4432
0.0420
0.5032
0.4214
0.1304
0.6408
0.1394
0.0010
0.4936
0.1218
0.1880
0.0000
0.0194
0.1026
0.4086
0.1310
0.4872
0.1994
0.0036
0.0922
0.0040
0.5200
0.0652
0.0000
0.0192
0.0102
0.2108
0.3092
0.2660
0.4452
0.0204
0.1276
0.4366
0.4456
0.0330
0.2493
0.1548
0.0896
0.1404
0.0756
0.3828
0.2566
0.0490
0.0556
0.1648
0.3826
0.0056
0.0948
0.2422
0.3296
0.6598
0.3564
0.2562
0.3526
0.3616
0.3928
0.1372
0.5986
0.3304
0.0020
0.5578
0.0000
0.0022
0.4334
0.0008
0.0646
0.0560
0.1374
0.0804
0.1246
0.0018
0.0000
0.0000
0.5924
0.4568
0.3006
0.2520
0.7056
0.2446
0.4712
0.2608
0.7290
0.2354
0.3514
0.0498
0.1639
0.1410
0.4354
0.2002
0.1328
0.2104
0.0150
0.0208
0.0936
0.4888
0.2050
0.0120
0.0252
0.1734
0.2318
0.1208
0.0000
0.0214
0.2270
0.2506
0.1278
0.0000
0.3262
0.0166
0.0900
0.2966
0.2272
0.0866
0.0000
0.0370
0.3580
0.2236
0.0034
0.0112
0.0550
0.5028
0.0024
0.2886
0.2018
0.3534
0.3768
0.2866
0.0186
0.0206
0.0024
0.0428
0.0220
0.0000
0.0154
0.0222
0.2630
0.2900
0.3194
0.1598
0.1174
0.0128
0.5556
0.0050
0.0424
0.3468
0.3074
0.4188
0.0034
0.1120
0.1128
0.0658
0.1486
0.1388
0.2282
0.1348
0.0550
0.0292
0.3384
0.0266
0.0506
0.0852
0.1640
0.0772
0.1756
0.1782
0.0620
0.0204
0.0508
0.1294
0.0398
0.2492
0.0564
0.3674
0.3104
0.1824
0.4116
0.2642
0.0754
0.0144
0.1634
0.3854
0.0064
0.2130
0.1824
0.2450
0.3942
0.4068
0.3208
0.0206
0.3922
0.3048
0.1602
0.2902
0.2246
0.0396
0.0178
0.0134
0.0404
0.0408
0.0648
0.1130
0.0830
0.0228
0.0066
0.1450
0.1622
0.0162
0.2726
0.1242
0.0022
0.1066
0.1044
0.2540
0.1186
0.1778
0.2902
0.0124
0.0396
0.2250
0.0900
0.0432
0.0000
0.0006
0.0528
0.2760
0.1266
0.0016
0.0002
0.3830
0.0316
0.0158
0.0678
0.1158
0.1866
0.0104
0.0086
0.0034
0.0016
0.4670
0.0160
0.0200
0.0500
0.0018
0.0012
0.2218
0.0126
0.2870
0.2170
0.2940
0.1548
0.0816
0.3744
0.4594
0.2930
0.2042
0.4170
0.4054
0.5694
0.1342
0.3810
0.3786
0.0706
0.7098
0.5596
0.5380
0.4598
0.4258
0.4858
0.5336
0.0154
0.0174
0.0818
0.1322
0.2868
0.1312
0.0248
0.2396
0.4266
0.2050
0.0292
0.0116
0.3418
0.4738
0.1672
0.1026
0.0354
0.0566
0.0138
0.1624
0.1318
0.1200
0.0996
0.0318
0.3734
0.4614
0.0536
0.1698
0.1800
0.1790
0.1314
0.0412
0.0020
0.0062
0.0050
0.0576
0.0686
0.0838
0.0796
0.0258
0.1230
0.0414
0.3902
0.3200
0.3156
0.0546
0.1884
0.0780
0.4686
0.1028
0.1028
0.0434
0.2852
0.0058
0.0008
0.2172
0.1404
0.0682
0.2170
0.1930
0.3966
0.0298
0.4290
0.0098
0.1874
0.0020
0.0934
0.0178
0.0312
0.0192
0.0528
0.1586
0.0562
0.0360
0.2028
0.2284
0.1784
0.3500
0.0128
0.3816
0.2860
0.0866
0.1092
0.0026
0.2508
0.2092
0.1182
0.2104
0.0840
0.4752
0.4086
0.0336
0.0788
0.2306
0.0394
0.1140
0.0132
0.0000
0.0000
0.0130
0.0394
0.1428
0.0294
0.0014
0.2282
0.1300
0.1188
0.2154
0.1396
0.1404
0.0052
0.1800
0.0148
0.1196
0.0190
0.0040
0.0122
0.0224
0.0252
0.0000
0.0000
0.0084
0.1546
0.0138
0.0156
0.0194
0.0750
0.0018
0.0062
0.0514
0.4924
0.3768
0.1412
0.1346
0.2660
0.2004
0.5484
